300  0.9305 
301  0.9676 
302  1.0060 
303  1.0455 
304  1.0862 
305  1.1282 
306  1.1715 
307  1.2160 
308  1.2619 
309  1.3091 
310  1.3577 
311  1.4077 
312  1.4591 
313  1.5120 
314  1.5663 
315  1.6222 
316  1.6796 
317  1.7386 
318  1.7991 
319  1.8613 
320  1.9251 
321  1.9906 
322  2.0578 
323  2.1267 
324  2.1973 
325  2.2698 
326  2.3441 
327  2.4202 
328  2.4981 
329  2.5780 
330  2.6598 
331  2.7435 
332  2.8293 
333  2.9170 
334  3.0068 
335  3.0986 
336  3.1925 
337  3.2886 
338  3.3868 
339  3.4871 
340  3.5897 
341  3.6945 
342  3.8015 
343  3.9108 
344  4.0225 
345  4.1365 
346  4.2528 
347  4.3716 
348  4.4927 
349  4.6163 
350  4.7424 
351  4.8709 
352  5.0020 
353  5.1357 
354  5.2719 
355  5.4107 
356  5.5521 
357  5.6962 
358  5.8430 
359  5.9924 
360  6.1446 
361  6.2995 
362  6.4572 
363  6.6177 
364  6.7810 
365  6.9472 
366  7.1162 
367  7.2881 
368  7.4629 
369  7.6407 
370  7.8213 
371  8.0050 
372  8.1917 
373  8.3813 
374  8.5740 
375  8.7698 
376  8.9686 
377  9.1706 
378  9.3756 
379  9.5838 
380  9.7951 
381  10.0096 
382  10.2273 
383  10.4481 
384  10.6722 
385  10.8996 
386  11.1302 
387  11.3640 
388  11.6012 
389  11.8416 
390  12.0853 
391  12.3324 
392  12.5828 
393  12.8366 
394  13.0938 
395  13.3543 
396  13.6182 
397  13.8855 
398  14.1563 
399  14.4304 
400  14.7080 
401  14.9891 
402  15.2736 
403  15.5616 
404  15.8530 
405  16.1480 
406  16.4464 
407  16.7484 
408  17.0538 
409  17.3628 
410  17.6753 
411  17.9913 
412  18.3108 
413  18.6339 
414  18.9605 
415  19.2907 
416  19.6244 
417  19.9617 
418  20.3026 
419  20.6470 
420  20.9950 
421  21.3465 
422  21.7016 
423  22.0603 
424  22.4225 
425  22.7883 
426  23.1577 
427  23.5307 
428  23.9072 
429  24.2873 
430  24.6709 
431  25.0581 
432  25.4489 
433  25.8432 
434  26.2411 
435  26.6425 
436  27.0475 
437  27.4560 
438  27.8681 
439  28.2836 
440  28.7027 
441  29.1253 
442  29.5515 
443  29.9811 
444  30.4142 
445  30.8508 
446  31.2909 
447  31.7345 
448  32.1815 
449  32.6320 
450  33.0859 
451  33.5432 
452  34.0040 
453  34.4682 
454  34.9358 
455  35.4068 
456  35.8811 
457  36.3588 
458  36.8399 
459  37.3243 
460  37.8121 
461  38.3031 
462  38.7975 
463  39.2951 
464  39.7960 
465  40.3002 
466  40.8076 
467  41.3182 
468  41.8320 
469  42.3491 
470  42.8693 
471  43.3926 
472  43.9192 
473  44.4488 
474  44.9816 
475  45.5174 
476  46.0563 
477  46.5983 
478  47.1433 
479  47.6913 
480  48.2423 
481  48.7963 
482  49.3533 
483  49.9132 
484  50.4760 
485  51.0418 
486  51.6104 
487  52.1818 
488  52.7561 
489  53.3332 
490  53.9132 
491  54.4958 
492  55.0813 
493  55.6694 
494  56.2603 
495  56.8539 
496  57.4501 
497  58.0489 
498  58.6504 
499  59.2545 
500  59.8611 
501  60.4703 
502  61.0820 
503  61.6962 
504  62.3128 
505  62.9320 
506  63.5535 
507  64.1775 
508  64.8038 
509  65.4325 
510  66.0635 
511  66.6968 
512  67.3324 
513  67.9702 
514  68.6102 
515  69.2525 
516  69.8969 
517  70.5435 
518  71.1922 
519  71.8430 
520  72.4959 
521  73.1508 
522  73.8077 
523  74.4666 
524  75.1275 
525  75.7903 
526  76.4551 
527  77.1217 
528  77.7902 
529  78.4605 
530  79.1326 
531  79.8065 
532  80.4821 
533  81.1595 
534  81.8386 
535  82.5193 
536  83.2017 
537  83.8856 
538  84.5712 
539  85.2584 
540  85.9470 
541  86.6372 
542  87.3288 
543  88.0219 
544  88.7165 
545  89.4124 
546  90.1097 
547  90.8083 
548  91.5082 
549  92.2095 
550  92.9120 
551  93.6157 
552  94.3206 
553  95.0267 
554  95.7339 
555  96.4423 
556  97.1518 
557  97.8623 
558  98.5739 
559  99.2864 
560  100.0000 
561  100.7150 
562  101.4300 
563  102.1460 
564  102.8640 
565  103.5820 
566  104.3010 
567  105.0200 
568  105.7410 
569  106.4620 
570  107.1840 
571  107.9060 
572  108.6300 
573  109.3540 
574  110.0780 
575  110.8030 
576  111.5290 
577  112.2550 
578  112.9820 
579  113.7090 
580  114.4360 
581  115.1640 
582  115.8930 
583  116.6220 
584  117.3510 
585  118.0800 
586  118.8100 
587  119.5400 
588  120.2700 
589  121.0010 
590  121.7310 
591  122.4620 
592  123.1930 
593  123.9240 
594  124.6550 
595  125.3860 
596  126.1180 
597  126.8490 
598  127.5800 
599  128.3120 
600  129.0430 
601  129.7740 
602  130.5050 
603  131.2360 
604  131.9660 
605  132.6970 
606  133.4270 
607  134.1570 
608  134.8870 
609  135.6170 
610  136.3460 
611  137.0750 
612  137.8040 
613  138.5320 
614  139.2600 
615  139.9880 
616  140.7150 
617  141.4410 
618  142.1670 
619  142.8930 
620  143.6180 
621  144.3430 
622  145.0670 
623  145.7900 
624  146.5130 
625  147.2350 
626  147.9570 
627  148.6780 
628  149.3980 
629  150.1170 
630  150.8360 
631  151.5540 
632  152.2710 
633  152.9880 
634  153.7040 
635  154.4180 
636  155.1320 
637  155.8450 
638  156.5580 
639  157.2690 
640  157.9790 
641  158.6890 
642  159.3970 
643  160.1040 
644  160.8110 
645  161.5160 
646  162.2210 
647  162.9240 
648  163.6260 
649  164.3270 
650  165.0280 
651  165.7260 
652  166.4240 
653  167.1210 
654  167.8160 
655  168.5100 
656  169.2030 
657  169.8950 
658  170.5860 
659  171.2750 
660  171.9630 
661  172.6500 
662  173.3350 
663  174.0190 
664  174.7020 
665  175.3830 
666  176.0630 
667  176.7410 
668  177.4190 
669  178.0940 
670  178.7690 
671  179.4410 
672  180.1130 
673  180.7830 
674  181.4510 
675  182.1180 
676  182.7830 
677  183.4470 
678  184.1090 
679  184.7700 
680  185.4290 
681  186.0870 
682  186.7430 
683  187.3970 
684  188.0500 
685  188.7010 
686  189.3500 
687  189.9980 
688  190.6440 
689  191.2880 
690  191.9310 
691  192.5720 
692  193.2110 
693  193.8490 
694  194.4840 
695  195.1180 
696  195.7500 
697  196.3810 
698  197.0090 
699  197.6360 
700  198.2610 
701  198.8840 
702  199.5060 
703  200.1250 
704  200.7430 
705  201.3590 
706  201.9720 
707  202.5840 
708  203.1950 
709  203.8030 
710  204.4090 
711  205.0130 
712  205.6160 
713  206.2160 
714  206.8150 
715  207.4110 
716  208.0060 
717  208.5990 
718  209.1890 
719  209.7780 
720  210.3650 
721  210.9490 
722  211.5320 
723  212.1120 
724  212.6910 
725  213.2680 
726  213.8420 
727  214.4150 
728  214.9850 
729  215.5530 
730  216.1200 
731  216.6840 
732  217.2460 
733  217.8060 
734  218.3640 
735  218.9200 
736  219.4730 
737  220.0250 
738  220.5740 
739  221.1220 
740  221.6670 
741  222.2100 
742  222.7510 
743  223.2900 
744  223.8260 
745  224.3610 
746  224.8930 
747  225.4230 
748  225.9510 
749  226.4770 
750  227.0000 
751  227.5220 
752  228.0410 
753  228.5580 
754  229.0730 
755  229.5850 
756  230.0960 
757  230.6040 
758  231.1100 
759  231.6140 
760  232.1150 
761  232.6150 
762  233.1120 
763  233.6060 
764  234.0990 
765  234.5890 
766  235.0780 
767  235.5640 
768  236.0470 
769  236.5290 
770  237.0080 
771  237.4850 
772  237.9590 
773  238.4320 
774  238.9020 
775  239.3700 
776  239.8360 
777  240.2990 
778  240.7600 
779  241.2190 
780  241.6750 
781  242.1300 
782  242.5820 
783  243.0310 
784  243.4790 
785  243.9240 
786  244.3670 
787  244.8080 
788  245.2460 
789  245.6820 
790  246.1160 
791  246.5480 
792  246.9770 
793  247.4040 
794  247.8290 
795  248.2510 
796  248.6710 
797  249.0890 
798  249.5050 
799  249.9180 
800  250.3290 
801  250.7380 
802  251.1440 
803  251.5480 
804  251.9500 
805  252.3500 
806  252.7470 
807  253.1420 
808  253.5350 
809  253.9250 
810  254.3140 
811  254.7000 
812  255.0830 
813  255.4650 
814  255.8440 
815  256.2210 
816  256.5950 
817  256.9680 
818  257.3380 
819  257.7060 
820  258.0710 
821  258.4340 
822  258.7950 
823  259.1540 
824  259.5110 
825  259.8650 
826  260.2170 
827  260.5670 
828  260.9140 
829  261.2590 
830  261.6020 
