360	1.22200000000000e-07	1.33980000000000e-08	5.35027000000000e-07
361	1.85138000000000e-07	2.02940000000000e-08	8.10720000000000e-07
362	2.78830000000000e-07	3.05600000000000e-08	1.22120000000000e-06
363	4.17470000000000e-07	4.57400000000000e-08	1.82870000000000e-06
364	6.21330000000000e-07	6.80500000000000e-08	2.72220000000000e-06
365	9.19270000000000e-07	1.00650000000000e-07	4.02830000000000e-06
366	1.35198000000000e-06	1.47980000000000e-07	5.92570000000000e-06
367	1.97654000000000e-06	2.16270000000000e-07	8.66510000000000e-06
368	2.87250000000000e-06	3.14200000000000e-07	1.25960000000000e-05
369	4.14950000000000e-06	4.53700000000000e-07	1.82010000000000e-05
370	5.95860000000000e-06	6.51100000000000e-07	2.61437000000000e-05
371	8.50560000000000e-06	9.28800000000000e-07	3.73300000000000e-05
372	1.20686000000000e-05	1.31750000000000e-06	5.29870000000000e-05
373	1.70226000000000e-05	1.85720000000000e-06	7.47640000000000e-05
374	2.38680000000000e-05	2.60200000000000e-06	0.000104870000000000
375	3.32660000000000e-05	3.62500000000000e-06	0.000146220000000000
376	4.60870000000000e-05	5.01900000000000e-06	0.000202660000000000
377	6.34720000000000e-05	6.90700000000000e-06	0.000279230000000000
378	8.68920000000000e-05	9.44900000000000e-06	0.000382450000000000
379	0.000118246000000000	1.28480000000000e-05	0.000520720000000000
380	0.000159952000000000	1.73640000000000e-05	0.000704776000000000
381	0.000215080000000000	2.33270000000000e-05	0.000948230000000000
382	0.000287490000000000	3.11500000000000e-05	0.00126820000000000
383	0.000381990000000000	4.13500000000000e-05	0.00168610000000000
384	0.000504550000000000	5.45600000000000e-05	0.00222850000000000
385	0.000662440000000000	7.15600000000000e-05	0.00292780000000000
386	0.000864500000000000	9.33000000000000e-05	0.00382370000000000
387	0.00112150000000000	0.000120870000000000	0.00496420000000000
388	0.00144616000000000	0.000155640000000000	0.00640670000000000
389	0.00185359000000000	0.000199200000000000	0.00821930000000000
390	0.00236160000000000	0.000253400000000000	0.0104822000000000
391	0.00299060000000000	0.000320200000000000	0.0132890000000000
392	0.00376450000000000	0.000402400000000000	0.0167470000000000
393	0.00471020000000000	0.000502300000000000	0.0209800000000000
394	0.00585810000000000	0.000623200000000000	0.0261270000000000
395	0.00724230000000000	0.000768500000000000	0.0323440000000000
396	0.00889960000000000	0.000941700000000000	0.0398020000000000
397	0.0108709000000000	0.00114780000000000	0.0486910000000000
398	0.0131989000000000	0.00139030000000000	0.0592100000000000
399	0.0159292000000000	0.00167400000000000	0.0715760000000000
400	0.0191097000000000	0.00200440000000000	0.0860109000000000
401	0.0227880000000000	0.00238600000000000	0.102740000000000
402	0.0270110000000000	0.00282200000000000	0.122000000000000
403	0.0318290000000000	0.00331900000000000	0.144020000000000
404	0.0372780000000000	0.00388000000000000	0.168990000000000
405	0.0434000000000000	0.00450900000000000	0.197120000000000
406	0.0502230000000000	0.00520900000000000	0.228570000000000
407	0.0577640000000000	0.00598500000000000	0.263470000000000
408	0.0660380000000000	0.00683300000000000	0.301900000000000
409	0.0750330000000000	0.00775700000000000	0.343870000000000
410	0.0847360000000000	0.00875600000000000	0.389366000000000
411	0.0950410000000000	0.00981600000000000	0.437970000000000
412	0.105836000000000	0.0109180000000000	0.489220000000000
413	0.117066000000000	0.0120580000000000	0.542900000000000
414	0.128682000000000	0.0132370000000000	0.598810000000000
415	0.140638000000000	0.0144560000000000	0.656760000000000
416	0.152893000000000	0.0157170000000000	0.716580000000000
417	0.165416000000000	0.0170250000000000	0.778120000000000
418	0.178191000000000	0.0183990000000000	0.841310000000000
419	0.191214000000000	0.0198480000000000	0.906110000000000
420	0.204492000000000	0.0213910000000000	0.972542000000000
421	0.217650000000000	0.0229920000000000	1.03890000000000
422	0.230267000000000	0.0245980000000000	1.10310000000000
423	0.242311000000000	0.0262130000000000	1.16510000000000
424	0.253793000000000	0.0278410000000000	1.22490000000000
425	0.264737000000000	0.0294970000000000	1.28250000000000
426	0.275195000000000	0.0311950000000000	1.33820000000000
427	0.285301000000000	0.0329270000000000	1.39260000000000
428	0.295143000000000	0.0347380000000000	1.44610000000000
429	0.304869000000000	0.0366540000000000	1.49940000000000
430	0.314679000000000	0.0386760000000000	1.55348000000000
431	0.324355000000000	0.0407920000000000	1.60720000000000
432	0.333570000000000	0.0429460000000000	1.65890000000000
433	0.342243000000000	0.0451140000000000	1.70820000000000
434	0.350312000000000	0.0473330000000000	1.75480000000000
435	0.357719000000000	0.0496020000000000	1.79850000000000
436	0.364482000000000	0.0519340000000000	1.83920000000000
437	0.370493000000000	0.0543370000000000	1.87660000000000
438	0.375727000000000	0.0568220000000000	1.91050000000000
439	0.380158000000000	0.0593990000000000	1.94080000000000
440	0.383734000000000	0.0620770000000000	1.96728000000000
441	0.386327000000000	0.0647370000000000	1.98910000000000
442	0.387858000000000	0.0672850000000000	2.00570000000000
443	0.388396000000000	0.0697640000000000	2.01740000000000
444	0.387978000000000	0.0722180000000000	2.02440000000000
445	0.386726000000000	0.0747040000000000	2.02730000000000
446	0.384696000000000	0.0772720000000000	2.02640000000000
447	0.382006000000000	0.0799790000000000	2.02230000000000
448	0.378709000000000	0.0828740000000000	2.01530000000000
449	0.374915000000000	0.0860000000000000	2.00600000000000
450	0.370702000000000	0.0894560000000000	1.99480000000000
451	0.366089000000000	0.0929470000000000	1.98140000000000
452	0.361045000000000	0.0962750000000000	1.96530000000000
453	0.355518000000000	0.0995350000000000	1.94640000000000
454	0.349486000000000	0.102829000000000	1.92480000000000
455	0.342957000000000	0.106256000000000	1.90070000000000
456	0.335893000000000	0.109901000000000	1.87410000000000
457	0.328284000000000	0.113835000000000	1.84510000000000
458	0.320150000000000	0.118167000000000	1.81390000000000
459	0.311475000000000	0.122932000000000	1.78060000000000
460	0.302273000000000	0.128201000000000	1.74537000000000
461	0.292858000000000	0.133457000000000	1.70910000000000
462	0.283502000000000	0.138323000000000	1.67230000000000
463	0.274044000000000	0.143042000000000	1.63470000000000
464	0.264263000000000	0.147787000000000	1.59560000000000
465	0.254085000000000	0.152761000000000	1.55490000000000
466	0.243392000000000	0.158102000000000	1.51220000000000
467	0.232187000000000	0.163941000000000	1.46730000000000
468	0.220488000000000	0.170362000000000	1.41990000000000
469	0.208198000000000	0.177425000000000	1.37000000000000
470	0.195618000000000	0.185190000000000	1.31756000000000
471	0.183034000000000	0.193025000000000	1.26240000000000
472	0.170222000000000	0.200313000000000	1.20500000000000
473	0.157348000000000	0.207156000000000	1.14660000000000
474	0.144650000000000	0.213644000000000	1.08800000000000
475	0.132349000000000	0.219940000000000	1.03020000000000
476	0.120584000000000	0.226170000000000	0.973830000000000
477	0.109456000000000	0.232467000000000	0.919430000000000
478	0.0990420000000000	0.239025000000000	0.867460000000000
479	0.0893880000000000	0.245997000000000	0.818280000000000
480	0.0805070000000000	0.253589000000000	0.772125000000000
481	0.0720340000000000	0.261876000000000	0.728290000000000
482	0.0637100000000000	0.270643000000000	0.686040000000000
483	0.0556940000000000	0.279645000000000	0.645530000000000
484	0.0481170000000000	0.288694000000000	0.606850000000000
485	0.0410720000000000	0.297665000000000	0.570060000000000
486	0.0346420000000000	0.306469000000000	0.535220000000000
487	0.0288960000000000	0.315035000000000	0.502340000000000
488	0.0238760000000000	0.323335000000000	0.471400000000000
489	0.0196280000000000	0.331366000000000	0.442390000000000
490	0.0161720000000000	0.339133000000000	0.415254000000000
491	0.0133000000000000	0.347860000000000	0.390024000000000
492	0.0107590000000000	0.358326000000000	0.366399000000000
493	0.00854200000000000	0.370001000000000	0.344015000000000
494	0.00666100000000000	0.382464000000000	0.322689000000000
495	0.00513200000000000	0.395379000000000	0.302356000000000
496	0.00398200000000000	0.408482000000000	0.283036000000000
497	0.00323900000000000	0.421588000000000	0.264816000000000
498	0.00293400000000000	0.434619000000000	0.247848000000000
499	0.00311400000000000	0.447601000000000	0.232318000000000
500	0.00381600000000000	0.460777000000000	0.218502000000000
501	0.00509500000000000	0.474340000000000	0.205851000000000
502	0.00693600000000000	0.488200000000000	0.193596000000000
503	0.00929900000000000	0.502340000000000	0.181736000000000
504	0.0121470000000000	0.516740000000000	0.170281000000000
505	0.0154440000000000	0.531360000000000	0.159249000000000
506	0.0191560000000000	0.546190000000000	0.148673000000000
507	0.0232500000000000	0.561180000000000	0.138609000000000
508	0.0276900000000000	0.576290000000000	0.129096000000000
509	0.0324440000000000	0.591500000000000	0.120215000000000
510	0.0374650000000000	0.606741000000000	0.112044000000000
511	0.0429560000000000	0.622150000000000	0.104710000000000
512	0.0491140000000000	0.637830000000000	0.0981960000000000
513	0.0559200000000000	0.653710000000000	0.0923610000000000
514	0.0633490000000000	0.669680000000000	0.0870880000000000
515	0.0713580000000000	0.685660000000000	0.0822480000000000
516	0.0799010000000000	0.701550000000000	0.0777440000000000
517	0.0889090000000000	0.717230000000000	0.0734560000000000
518	0.0982930000000000	0.732570000000000	0.0692680000000000
519	0.107949000000000	0.747460000000000	0.0650600000000000
520	0.117749000000000	0.761757000000000	0.0607090000000000
521	0.127839000000000	0.775340000000000	0.0564570000000000
522	0.138450000000000	0.788220000000000	0.0526090000000000
523	0.149516000000000	0.800460000000000	0.0491220000000000
524	0.161041000000000	0.812140000000000	0.0459540000000000
525	0.172953000000000	0.823330000000000	0.0430500000000000
526	0.185209000000000	0.834120000000000	0.0403680000000000
527	0.197755000000000	0.844600000000000	0.0378390000000000
528	0.210538000000000	0.854870000000000	0.0353840000000000
529	0.223460000000000	0.865040000000000	0.0329490000000000
530	0.236491000000000	0.875211000000000	0.0304510000000000
531	0.249633000000000	0.885370000000000	0.0280290000000000
532	0.262972000000000	0.895370000000000	0.0258620000000000
533	0.276515000000000	0.905150000000000	0.0239200000000000
534	0.290269000000000	0.914650000000000	0.0221740000000000
535	0.304213000000000	0.923810000000000	0.0205840000000000
536	0.318361000000000	0.932550000000000	0.0191270000000000
537	0.332705000000000	0.940810000000000	0.0177400000000000
538	0.347232000000000	0.948520000000000	0.0164030000000000
539	0.361926000000000	0.955600000000000	0.0150640000000000
540	0.376772000000000	0.961988000000000	0.0136760000000000
541	0.391683000000000	0.967540000000000	0.0123080000000000
542	0.406594000000000	0.972230000000000	0.0110560000000000
543	0.421539000000000	0.976170000000000	0.00991500000000000
544	0.436517000000000	0.979460000000000	0.00887200000000000
545	0.451584000000000	0.982200000000000	0.00791800000000000
546	0.466782000000000	0.984520000000000	0.00703000000000000
547	0.482147000000000	0.986520000000000	0.00622300000000000
548	0.497738000000000	0.988320000000000	0.00545300000000000
549	0.513606000000000	0.990020000000000	0.00471400000000000
550	0.529826000000000	0.991761000000000	0.00398800000000000
551	0.546440000000000	0.993530000000000	0.00328900000000000
552	0.563426000000000	0.995230000000000	0.00264600000000000
553	0.580726000000000	0.996770000000000	0.00206300000000000
554	0.598290000000000	0.998090000000000	0.00153300000000000
555	0.616053000000000	0.999110000000000	0.00109100000000000
556	0.633948000000000	0.999770000000000	0.000711000000000000
557	0.651901000000000	1	0.000407000000000000
558	0.669824000000000	0.999710000000000	0.000184000000000000
559	0.687632000000000	0.998850000000000	4.70000000000000e-05
560	0.705224000000000	0.997340000000000	0
561	0.722773000000000	0.995260000000000	0
562	0.740483000000000	0.992740000000000	0
563	0.758273000000000	0.989750000000000	0
564	0.776083000000000	0.986300000000000	0
565	0.793832000000000	0.982380000000000	0
566	0.811436000000000	0.977980000000000	0
567	0.828822000000000	0.973110000000000	0
568	0.845879000000000	0.967740000000000	0
569	0.862525000000000	0.961890000000000	0
570	0.878655000000000	0.955552000000000	0
571	0.894208000000000	0.948601000000000	0
572	0.909206000000000	0.940981000000000	0
573	0.923672000000000	0.932798000000000	0
574	0.937638000000000	0.924158000000000	0
575	0.951162000000000	0.915175000000000	0
576	0.964283000000000	0.905954000000000	0
577	0.977068000000000	0.896608000000000	0
578	0.989590000000000	0.887249000000000	0
579	1.00191000000000	0.877986000000000	0
580	1.01416000000000	0.868934000000000	0
581	1.02650000000000	0.860164000000000	0
582	1.03880000000000	0.851519000000000	0
583	1.05100000000000	0.842963000000000	0
584	1.06290000000000	0.834393000000000	0
585	1.07430000000000	0.825623000000000	0
586	1.08520000000000	0.816764000000000	0
587	1.09520000000000	0.807544000000000	0
588	1.10420000000000	0.797947000000000	0
589	1.11200000000000	0.787893000000000	0
590	1.11852000000000	0.777405000000000	0
591	1.12380000000000	0.766490000000000	0
592	1.12800000000000	0.755309000000000	0
593	1.13110000000000	0.743845000000000	0
594	1.13320000000000	0.732190000000000	0
595	1.13430000000000	0.720353000000000	0
596	1.13430000000000	0.708281000000000	0
597	1.13330000000000	0.696055000000000	0
598	1.13120000000000	0.683621000000000	0
599	1.12810000000000	0.671048000000000	0
600	1.12399000000000	0.658341000000000	0
601	1.11890000000000	0.645545000000000	0
602	1.11290000000000	0.632718000000000	0
603	1.10590000000000	0.619815000000000	0
604	1.09800000000000	0.606887000000000	0
605	1.08910000000000	0.593878000000000	0
606	1.07920000000000	0.580781000000000	0
607	1.06840000000000	0.567653000000000	0
608	1.05670000000000	0.554490000000000	0
609	1.04400000000000	0.541228000000000	0
610	1.03048000000000	0.527963000000000	0
611	1.01600000000000	0.514634000000000	0
612	1.00080000000000	0.501363000000000	0
613	0.984790000000000	0.488124000000000	0
614	0.968080000000000	0.474935000000000	0
615	0.950740000000000	0.461834000000000	0
616	0.932800000000000	0.448823000000000	0
617	0.914340000000000	0.435917000000000	0
618	0.895390000000000	0.423153000000000	0
619	0.876030000000000	0.410526000000000	0
620	0.856297000000000	0.398057000000000	0
621	0.836350000000000	0.385835000000000	0
622	0.816290000000000	0.373951000000000	0
623	0.796050000000000	0.362311000000000	0
624	0.775610000000000	0.350863000000000	0
625	0.754930000000000	0.339554000000000	0
626	0.733990000000000	0.328309000000000	0
627	0.712780000000000	0.317118000000000	0
628	0.691290000000000	0.305936000000000	0
629	0.669520000000000	0.294737000000000	0
630	0.647467000000000	0.283493000000000	0
631	0.625110000000000	0.272222000000000	0
632	0.602520000000000	0.260990000000000	0
633	0.579890000000000	0.249877000000000	0
634	0.557370000000000	0.238946000000000	0
635	0.535110000000000	0.228254000000000	0
636	0.513240000000000	0.217853000000000	0
637	0.491860000000000	0.207780000000000	0
638	0.471080000000000	0.198072000000000	0
639	0.450960000000000	0.188748000000000	0
640	0.431567000000000	0.179828000000000	0
641	0.412870000000000	0.171285000000000	0
642	0.394750000000000	0.163059000000000	0
643	0.377210000000000	0.155151000000000	0
644	0.360190000000000	0.147535000000000	0
645	0.343690000000000	0.140211000000000	0
646	0.327690000000000	0.133170000000000	0
647	0.312170000000000	0.126400000000000	0
648	0.297110000000000	0.119892000000000	0
649	0.282500000000000	0.113640000000000	0
650	0.268329000000000	0.107633000000000	0
651	0.254590000000000	0.101870000000000	0
652	0.241300000000000	0.0963470000000000	0
653	0.228480000000000	0.0910630000000000	0
654	0.216140000000000	0.0860100000000000	0
655	0.204300000000000	0.0811870000000000	0
656	0.192950000000000	0.0765830000000000	0
657	0.182110000000000	0.0721980000000000	0
658	0.171770000000000	0.0680240000000000	0
659	0.161920000000000	0.0640520000000000	0
660	0.152568000000000	0.0602810000000000	0
661	0.143670000000000	0.0566970000000000	0
662	0.135200000000000	0.0532920000000000	0
663	0.127130000000000	0.0500590000000000	0
664	0.119480000000000	0.0469980000000000	0
665	0.112210000000000	0.0440960000000000	0
666	0.105310000000000	0.0413450000000000	0
667	0.0987860000000000	0.0387507000000000	0
668	0.0926100000000000	0.0362978000000000	0
669	0.0867730000000000	0.0339832000000000	0
670	0.0812606000000000	0.0318004000000000	0
671	0.0760480000000000	0.0297395000000000	0
672	0.0711140000000000	0.0277918000000000	0
673	0.0664540000000000	0.0259551000000000	0
674	0.0620620000000000	0.0242263000000000	0
675	0.0579300000000000	0.0226017000000000	0
676	0.0540500000000000	0.0210779000000000	0
677	0.0504120000000000	0.0196505000000000	0
678	0.0470060000000000	0.0183153000000000	0
679	0.0438230000000000	0.0170686000000000	0
680	0.0408508000000000	0.0159051000000000	0
681	0.0380720000000000	0.0148183000000000	0
682	0.0354680000000000	0.0138008000000000	0
683	0.0330310000000000	0.0128495000000000	0
684	0.0307530000000000	0.0119607000000000	0
685	0.0286230000000000	0.0111303000000000	0
686	0.0266350000000000	0.0103555000000000	0
687	0.0247810000000000	0.00963320000000000	0
688	0.0230520000000000	0.00895990000000000	0
689	0.0214410000000000	0.00833240000000000	0
690	0.0199413000000000	0.00774880000000000	0
691	0.0185440000000000	0.00720460000000000	0
692	0.0172410000000000	0.00669750000000000	0
693	0.0160270000000000	0.00622510000000000	0
694	0.0148960000000000	0.00578500000000000	0
695	0.0138420000000000	0.00537510000000000	0
696	0.0128620000000000	0.00499410000000000	0
697	0.0119490000000000	0.00463920000000000	0
698	0.0111000000000000	0.00430930000000000	0
699	0.0103110000000000	0.00400280000000000	0
700	0.00957688000000000	0.00371774000000000	0
701	0.00889400000000000	0.00345262000000000	0
702	0.00825810000000000	0.00320583000000000	0
703	0.00766640000000000	0.00297623000000000	0
704	0.00711630000000000	0.00276281000000000	0
705	0.00660520000000000	0.00256456000000000	0
706	0.00613060000000000	0.00238048000000000	0
707	0.00569030000000000	0.00220971000000000	0
708	0.00528190000000000	0.00205132000000000	0
709	0.00490330000000000	0.00190449000000000	0
710	0.00455263000000000	0.00176847000000000	0
711	0.00422750000000000	0.00164236000000000	0
712	0.00392580000000000	0.00152535000000000	0
713	0.00364570000000000	0.00141672000000000	0
714	0.00338590000000000	0.00131595000000000	0
715	0.00314470000000000	0.00122239000000000	0
716	0.00292080000000000	0.00113555000000000	0
717	0.00271300000000000	0.00105494000000000	0
718	0.00252020000000000	0.000980140000000000	0
719	0.00234110000000000	0.000910660000000000	0
720	0.00217496000000000	0.000846190000000000	0
721	0.00202060000000000	0.000786290000000000	0
722	0.00187730000000000	0.000730680000000000	0
723	0.00174410000000000	0.000678990000000000	0
724	0.00162050000000000	0.000631010000000000	0
725	0.00150570000000000	0.000586440000000000	0
726	0.00139920000000000	0.000545110000000000	0
727	0.00130040000000000	0.000506720000000000	0
728	0.00120870000000000	0.000471110000000000	0
729	0.00112360000000000	0.000438050000000000	0
730	0.00104476000000000	0.000407410000000000	0
731	0.000971560000000000	0.000378962000000000	0
732	0.000903600000000000	0.000352543000000000	0
733	0.000840480000000000	0.000328001000000000	0
734	0.000781870000000000	0.000305208000000000	0
735	0.000727450000000000	0.000284041000000000	0
736	0.000676900000000000	0.000264375000000000	0
737	0.000629960000000000	0.000246109000000000	0
738	0.000586370000000000	0.000229143000000000	0
739	0.000545870000000000	0.000213376000000000	0
740	0.000508258000000000	0.000198730000000000	0
741	0.000473300000000000	0.000185115000000000	0
742	0.000440800000000000	0.000172454000000000	0
743	0.000410580000000000	0.000160678000000000	0
744	0.000382490000000000	0.000149730000000000	0
745	0.000356380000000000	0.000139550000000000	0
746	0.000332110000000000	0.000130086000000000	0
747	0.000309550000000000	0.000121290000000000	0
748	0.000288580000000000	0.000113106000000000	0
749	0.000269090000000000	0.000105501000000000	0
750	0.000250969000000000	9.84280000000000e-05	0
751	0.000234130000000000	9.18530000000000e-05	0
752	0.000218470000000000	8.57380000000000e-05	0
753	0.000203910000000000	8.00480000000000e-05	0
754	0.000190350000000000	7.47510000000000e-05	0
755	0.000177730000000000	6.98190000000000e-05	0
756	0.000165970000000000	6.52220000000000e-05	0
757	0.000155020000000000	6.09390000000000e-05	0
758	0.000144800000000000	5.69420000000000e-05	0
759	0.000135280000000000	5.32170000000000e-05	0
760	0.000126390000000000	4.97370000000000e-05	0
761	0.000118100000000000	4.64910000000000e-05	0
762	0.000110370000000000	4.34640000000000e-05	0
763	0.000103150000000000	4.06350000000000e-05	0
764	9.64270000000000e-05	3.80000000000000e-05	0
765	9.01510000000000e-05	3.55405000000000e-05	0
766	8.42940000000000e-05	3.32448000000000e-05	0
767	7.88300000000000e-05	3.11006000000000e-05	0
768	7.37290000000000e-05	2.90990000000000e-05	0
769	6.89690000000000e-05	2.72307000000000e-05	0
770	6.45258000000000e-05	2.54860000000000e-05	0
771	6.03760000000000e-05	2.38561000000000e-05	0
772	5.65000000000000e-05	2.23332000000000e-05	0
773	5.28800000000000e-05	2.09104000000000e-05	0
774	4.94980000000000e-05	1.95808000000000e-05	0
775	4.63390000000000e-05	1.83384000000000e-05	0
776	4.33890000000000e-05	1.71777000000000e-05	0
777	4.06340000000000e-05	1.60934000000000e-05	0
778	3.80600000000000e-05	1.50800000000000e-05	0
779	3.56570000000000e-05	1.41336000000000e-05	0
780	3.34117000000000e-05	1.32490000000000e-05	0
781	3.13150000000000e-05	1.24226000000000e-05	0
782	2.93550000000000e-05	1.16499000000000e-05	0
783	2.75240000000000e-05	1.09277000000000e-05	0
784	2.58110000000000e-05	1.02519000000000e-05	0
785	2.42090000000000e-05	9.61960000000000e-06	0
786	2.27110000000000e-05	9.02810000000000e-06	0
787	2.13080000000000e-05	8.47400000000000e-06	0
788	1.99940000000000e-05	7.95480000000000e-06	0
789	1.87640000000000e-05	7.46860000000000e-06	0
790	1.76115000000000e-05	7.01280000000000e-06	0
791	1.65320000000000e-05	6.58580000000000e-06	0
792	1.55210000000000e-05	6.18570000000000e-06	0
793	1.45740000000000e-05	5.81070000000000e-06	0
794	1.36860000000000e-05	5.45900000000000e-06	0
795	1.28550000000000e-05	5.12980000000000e-06	0
796	1.20750000000000e-05	4.82060000000000e-06	0
797	1.13450000000000e-05	4.53120000000000e-06	0
798	1.06590000000000e-05	4.25910000000000e-06	0
799	1.00170000000000e-05	4.00420000000000e-06	0
800	9.41363000000000e-06	3.76473000000000e-06	0
801	8.84790000000000e-06	3.53995000000000e-06	0
802	8.31710000000000e-06	3.32914000000000e-06	0
803	7.81900000000000e-06	3.13115000000000e-06	0
804	7.35160000000000e-06	2.94529000000000e-06	0
805	6.91300000000000e-06	2.77081000000000e-06	0
806	6.50150000000000e-06	2.60705000000000e-06	0
807	6.11530000000000e-06	2.45329000000000e-06	0
808	5.75290000000000e-06	2.30894000000000e-06	0
809	5.41270000000000e-06	2.17338000000000e-06	0
810	5.09347000000000e-06	2.04613000000000e-06	0
811	4.79380000000000e-06	1.92662000000000e-06	0
812	4.51250000000000e-06	1.81440000000000e-06	0
813	4.24830000000000e-06	1.70895000000000e-06	0
814	4.00020000000000e-06	1.60988000000000e-06	0
815	3.76710000000000e-06	1.51677000000000e-06	0
816	3.54800000000000e-06	1.42921000000000e-06	0
817	3.34210000000000e-06	1.34686000000000e-06	0
818	3.14850000000000e-06	1.26945000000000e-06	0
819	2.96650000000000e-06	1.19662000000000e-06	0
820	2.79531000000000e-06	1.12809000000000e-06	0
821	2.63450000000000e-06	1.06368000000000e-06	0
822	2.48340000000000e-06	1.00313000000000e-06	0
823	2.34140000000000e-06	9.46220000000000e-07	0
824	2.20780000000000e-06	8.92630000000000e-07	0
825	2.08200000000000e-06	8.42160000000000e-07	0
826	1.96360000000000e-06	7.94640000000000e-07	0
827	1.85190000000000e-06	7.49780000000000e-07	0
828	1.74650000000000e-06	7.07440000000000e-07	0
829	1.64710000000000e-06	6.67480000000000e-07	0
830	1.55314000000000e-06	6.29700000000000e-07	0