300  0.0341 
301  0.3601 
302  0.6862 
303  1.0122 
304  1.3383 
305  1.6643 
306  1.9903 
307  2.3164 
308  2.6424 
309  2.9685 
310  3.2945 
311  4.9886 
312  6.6828 
313  8.3770 
314  10.0711 
315  11.7652 
316  13.4594 
317  15.1535 
318  16.8477 
319  18.5418 
320  20.2360 
321  21.9177 
322  23.5995 
323  25.2812 
324  26.9630 
325  28.6447 
326  30.3265 
327  32.0082 
328  33.6900 
329  35.3717 
330  37.0535 
331  37.3430 
332  37.6326 
333  37.9221 
334  38.2116 
335  38.5011 
336  38.7907 
337  39.0802 
338  39.3697 
339  39.6593 
340  39.9488 
341  40.4451 
342  40.9414 
343  41.4377 
344  41.9340 
345  42.4302 
346  42.9265 
347  43.4228 
348  43.9191 
349  44.4154 
350  44.9117 
351  45.0844 
352  45.2570 
353  45.4297 
354  45.6023 
355  45.7750 
356  45.9477 
357  46.1203 
358  46.2930 
359  46.4656 
360  46.6383 
361  47.1834 
362  47.7285 
363  48.2735 
364  48.8186 
365  49.3637 
366  49.9088 
367  50.4539 
368  50.9989 
369  51.5440 
370  52.0891 
371  51.8777 
372  51.6664 
373  51.4550 
374  51.2437 
375  51.0323 
376  50.8209 
377  50.6096 
378  50.3982 
379  50.1869 
380  49.9755 
381  50.4428 
382  50.9100 
383  51.3773 
384  51.8446 
385  52.3118 
386  52.7791 
387  53.2464 
388  53.7137 
389  54.1809 
390  54.6482 
391  57.4589 
392  60.2695 
393  63.0802 
394  65.8909 
395  68.7015 
396  71.5122 
397  74.3229 
398  77.1336 
399  79.9442 
400  82.7549 
401  83.6280 
402  84.5011 
403  85.3742 
404  86.2473 
405  87.1204 
406  87.9936 
407  88.8667 
408  89.7398 
409  90.6129 
410  91.4860 
411  91.6806 
412  91.8752 
413  92.0697 
414  92.2643 
415  92.4589 
416  92.6535 
417  92.8481 
418  93.0426 
419  93.2372 
420  93.4318 
421  92.7568 
422  92.0819 
423  91.4069 
424  90.7320 
425  90.0570 
426  89.3821 
427  88.7071 
428  88.0322 
429  87.3572 
430  86.6823 
431  88.5006 
432  90.3188 
433  92.1371 
434  93.9554 
435  95.7736 
436  97.5919 
437  99.4102 
438  101.2280 
439  103.0470 
440  104.8650 
441  106.0790 
442  107.2940 
443  108.5080 
444  109.7220 
445  110.9360 
446  112.1510 
447  113.3650 
448  114.5790 
449  115.7940 
450  117.0080 
451  117.0880 
452  117.1690 
453  117.2490 
454  117.3300 
455  117.4100 
456  117.4900 
457  117.5710 
458  117.6510 
459  117.7320 
460  117.8120 
461  117.5170 
462  117.2220 
463  116.9270 
464  116.6320 
465  116.3360 
466  116.0410 
467  115.7460 
468  115.4510 
469  115.1560 
470  114.8610 
471  114.9670 
472  115.0730 
473  115.1800 
474  115.2860 
475  115.3920 
476  115.4980 
477  115.6040 
478  115.7110 
479  115.8170 
480  115.9230 
481  115.2120 
482  114.5010 
483  113.7890 
484  113.0780 
485  112.3670 
486  111.6560 
487  110.9450 
488  110.2330 
489  109.5220 
490  108.8110 
491  108.8650 
492  108.9200 
493  108.9740 
494  109.0280 
495  109.0820 
496  109.1370 
497  109.1910 
498  109.2450 
499  109.3000 
500  109.3540 
501  109.1990 
502  109.0440 
503  108.8880 
504  108.7330 
505  108.5780 
506  108.4230 
507  108.2680 
508  108.1120 
509  107.9570 
510  107.8020 
511  107.5010 
512  107.2000 
513  106.8980 
514  106.5970 
515  106.2960 
516  105.9950 
517  105.6940 
518  105.3920 
519  105.0910 
520  104.7900 
521  105.0800 
522  105.3700 
523  105.6600 
524  105.9500 
525  106.2390 
526  106.5290 
527  106.8190 
528  107.1090 
529  107.3990 
530  107.6890 
531  107.3610 
532  107.0320 
533  106.7040 
534  106.3750 
535  106.0470 
536  105.7190 
537  105.3900 
538  105.0620 
539  104.7330 
540  104.4050 
541  104.3690 
542  104.3330 
543  104.2970 
544  104.2610 
545  104.2250 
546  104.1900 
547  104.1540 
548  104.1180 
549  104.0820 
550  104.0460 
551  103.6410 
552  103.2370 
553  102.8320 
554  102.4280 
555  102.0230 
556  101.6180 
557  101.2140 
558  100.8090 
559  100.4050 
560  100.0000 
561  99.6334 
562  99.2668 
563  98.9003 
564  98.5337 
565  98.1671 
566  97.8005 
567  97.4339 
568  97.0674 
569  96.7008 
570  96.3342 
571  96.2796 
572  96.2250 
573  96.1703 
574  96.1157 
575  96.0611 
576  96.0065 
577  95.9519 
578  95.8972 
579  95.8426 
580  95.7880 
581  95.0778 
582  94.3675 
583  93.6573 
584  92.9470 
585  92.2368 
586  91.5266 
587  90.8163 
588  90.1061 
589  89.3958 
590  88.6856 
591  88.8177 
592  88.9497 
593  89.0818 
594  89.2138 
595  89.3459 
596  89.4780 
597  89.6100 
598  89.7421 
599  89.8741 
600  90.0062 
601  89.9655 
602  89.9248 
603  89.8841 
604  89.8434 
605  89.8026 
606  89.7619 
607  89.7212 
608  89.6805 
609  89.6398 
610  89.5991 
611  89.4091 
612  89.2190 
613  89.0290 
614  88.8389 
615  88.6489 
616  88.4589 
617  88.2688 
618  88.0788 
619  87.8887 
620  87.6987 
621  87.2577 
622  86.8167 
623  86.3757 
624  85.9347 
625  85.4936 
626  85.0526 
627  84.6116 
628  84.1706 
629  83.7296 
630  83.2886 
631  83.3297 
632  83.3707 
633  83.4118 
634  83.4528 
635  83.4939 
636  83.5350 
637  83.5760 
638  83.6171 
639  83.6581 
640  83.6992 
641  83.3320 
642  82.9647 
643  82.5975 
644  82.2302 
645  81.8630 
646  81.4958 
647  81.1285 
648  80.7613 
649  80.3940 
650  80.0268 
651  80.0456 
652  80.0644 
653  80.0831 
654  80.1019 
655  80.1207 
656  80.1395 
657  80.1583 
658  80.1770 
659  80.1958 
660  80.2146 
661  80.4209 
662  80.6272 
663  80.8336 
664  81.0399 
665  81.2462 
666  81.4525 
667  81.6588 
668  81.8652 
669  82.0715 
670  82.2778 
671  81.8784 
672  81.4791 
673  81.0797 
674  80.6804 
675  80.2810 
676  79.8816 
677  79.4823 
678  79.0829 
679  78.6836 
680  78.2842 
681  77.4279 
682  76.5716 
683  75.7153 
684  74.8590 
685  74.0027 
686  73.1465 
687  72.2902 
688  71.4339 
689  70.5776 
690  69.7213 
691  69.9101 
692  70.0989 
693  70.2876 
694  70.4764 
695  70.6652 
696  70.8540 
697  71.0428 
698  71.2315 
699  71.4203 
700  71.6091 
701  71.8831 
702  72.1571 
703  72.4311 
704  72.7051 
705  72.9790 
706  73.2530 
707  73.5270 
708  73.8010 
709  74.0750 
710  74.3490 
711  73.0745 
712  71.8000 
713  70.5255 
714  69.2510 
715  67.9765 
716  66.7020 
717  65.4275 
718  64.1530 
719  62.8785 
720  61.6040 
721  62.4322 
722  63.2603 
723  64.0885 
724  64.9166 
725  65.7448 
726  66.5730 
727  67.4011 
728  68.2293 
729  69.0574 
730  69.8856 
731  70.4057 
732  70.9259 
733  71.4460 
734  71.9662 
735  72.4863 
736  73.0064 
737  73.5266 
738  74.0467 
739  74.5669 
740  75.0870 
741  73.9376 
742  72.7881 
743  71.6387 
744  70.4893 
745  69.3398 
746  68.1904 
747  67.0410 
748  65.8916 
749  64.7421 
750  63.5927 
751  61.8752 
752  60.1578 
753  58.4403 
754  56.7229 
755  55.0054 
756  53.2880 
757  51.5705 
758  49.8531 
759  48.1356 
760  46.4182 
761  48.4569 
762  50.4956 
763  52.5344 
764  54.5731 
765  56.6118 
766  58.6505 
767  60.6892 
768  62.7280 
769  64.7667 
770  66.8054 
771  66.4631 
772  66.1209 
773  65.7786 
774  65.4364 
775  65.0941 
776  64.7518 
777  64.4096 
778  64.0673 
779  63.7251 
780  63.3828 
781  63.4749 
782  63.5670 
783  63.6592 
784  63.7513 
785  63.8434 
786  63.9355 
787  64.0276 
788  64.1198 
789  64.2119 
790  64.3040 
791  63.8188 
792  63.3336 
793  62.8484 
794  62.3632 
795  61.8779 
796  61.3927 
797  60.9075 
798  60.4223 
799  59.9371 
800  59.4519 
801  58.7026 
802  57.9533 
803  57.2040 
804  56.4547 
805  55.7054 
806  54.9562 
807  54.2069 
808  53.4576 
809  52.7083 
810  51.9590 
811  52.5072 
812  53.0553 
813  53.6035 
814  54.1516 
815  54.6998 
816  55.2480 
817  55.7961 
818  56.3443 
819  56.8924 
820  57.4406 
821  57.7278 
822  58.0150 
823  58.3022 
824  58.5894 
825  58.8765 
826  59.1637 
827  59.4509 
828  59.7381 
829  60.0253 
830  60.3125 
