2.000000000000000000e+02 1.035932698318278389e+00
2.010000000000000000e+02 1.038384855056913469e+00
2.020000000000000000e+02 1.033280445442975815e+00
2.030000000000000000e+02 1.029043922300646674e+00
2.040000000000000000e+02 1.025681372761072074e+00
2.050000000000000000e+02 1.023196661128233487e+00
2.060000000000000000e+02 1.021579947475548034e+00
2.070000000000000000e+02 1.020370158607848188e+00
2.080000000000000000e+02 1.018529842804073438e+00
2.090000000000000000e+02 1.015435700526052809e+00
2.100000000000000000e+02 1.011060123509635034e+00
2.110000000000000000e+02 1.005419200165454496e+00
2.120000000000000000e+02 9.985327661217714423e-01
2.130000000000000000e+02 9.904271359148915099e-01
2.140000000000000000e+02 9.826338287035506491e-01
2.150000000000000000e+02 9.779434174674456193e-01
2.160000000000000000e+02 9.756109219989130832e-01
2.170000000000000000e+02 9.735136991472281842e-01
2.180000000000000000e+02 9.715662687278910914e-01
2.190000000000000000e+02 9.697724725146109614e-01
2.200000000000000000e+02 9.681359796261035378e-01
2.210000000000000000e+02 9.666602719994843440e-01
2.220000000000000000e+02 9.653486315250068284e-01
2.230000000000000000e+02 9.642041286795333122e-01
2.240000000000000000e+02 9.632296124995420872e-01
2.250000000000000000e+02 9.624277017364347708e-01
2.260000000000000000e+02 9.618008245318525606e-01
2.270000000000000000e+02 9.613568949514550432e-01
2.280000000000000000e+02 9.611145705007472229e-01
2.290000000000000000e+02 9.610875132852945146e-01
2.300000000000000000e+02 9.612755749197645638e-01
2.310000000000000000e+02 9.616609441803464220e-01
2.320000000000000000e+02 9.622204968613965459e-01
2.330000000000000000e+02 9.629474662963943832e-01
2.340000000000000000e+02 9.638424375481338124e-01
2.350000000000000000e+02 9.649057593712583314e-01
2.360000000000000000e+02 9.661374955432882050e-01
2.370000000000000000e+02 9.675374736693626021e-01
2.380000000000000000e+02 9.691234636565415617e-01
2.390000000000000000e+02 9.709568953601122043e-01
2.400000000000000000e+02 9.730721504994602755e-01
2.410000000000000000e+02 9.754107261329664214e-01
2.420000000000000000e+02 9.779123174098104387e-01
2.430000000000000000e+02 9.805650657634497058e-01
2.440000000000000000e+02 9.833669262965384350e-01
2.450000000000000000e+02 9.863155280847651918e-01
2.460000000000000000e+02 9.894081656929406554e-01
2.470000000000000000e+02 9.926417911315557063e-01
2.480000000000000000e+02 9.960135407180769063e-01
2.490000000000000000e+02 9.995251652815249077e-01
2.500000000000000000e+02 1.003180209403656153e+00
2.510000000000000000e+02 1.006976836996347657e+00
2.520000000000000000e+02 1.010910134334130905e+00
2.530000000000000000e+02 1.014974837672721009e+00
2.540000000000000000e+02 1.019165362322574486e+00
2.550000000000000000e+02 1.023475805327091592e+00
2.560000000000000000e+02 1.027899949343297870e+00
2.570000000000000000e+02 1.032431267823245902e+00
2.580000000000000000e+02 1.037062931587237280e+00
2.590000000000000000e+02 1.041787816876786010e+00
2.600000000000000000e+02 1.046598514965581428e+00
2.610000000000000000e+02 1.051487343398467722e+00
2.620000000000000000e+02 1.056446358916142803e+00
2.630000000000000000e+02 1.061467372111131402e+00
2.640000000000000000e+02 1.066541963846164176e+00
2.650000000000000000e+02 1.071659939895569957e+00
2.660000000000000000e+02 1.076799264745548435e+00
2.670000000000000000e+02 1.081933782154731016e+00
2.680000000000000000e+02 1.087048508657323165e+00
2.690000000000000000e+02 1.092133408508566550e+00
2.700000000000000000e+02 1.097185157306082015e+00
2.710000000000000000e+02 1.102220541393889253e+00
2.720000000000000000e+02 1.107253598107189596e+00
2.730000000000000000e+02 1.112278633928164284e+00
2.740000000000000000e+02 1.117286487010670015e+00
2.750000000000000000e+02 1.122266106324656176e+00
2.760000000000000000e+02 1.127186697580286445e+00
2.770000000000000000e+02 1.132007773234249948e+00
2.780000000000000000e+02 1.136707916764528203e+00
2.790000000000000000e+02 1.141276758565298755e+00
2.800000000000000000e+02 1.145705029494208604e+00
2.810000000000000000e+02 1.149994503887628028e+00
2.820000000000000000e+02 1.154154139419668823e+00
2.830000000000000000e+02 1.158183035536563654e+00
2.840000000000000000e+02 1.162073457566687118e+00
2.850000000000000000e+02 1.165817943620194530e+00
2.860000000000000000e+02 1.169409470450299748e+00
2.870000000000000000e+02 1.172841480544032811e+00
2.880000000000000000e+02 1.176107906663684144e+00
2.890000000000000000e+02 1.179202782906508151e+00
2.900000000000000000e+02 1.182115330698898292e+00
2.910000000000000000e+02 1.184831753925766895e+00
2.920000000000000000e+02 1.187343735379632115e+00
2.930000000000000000e+02 1.189647125635373337e+00
2.940000000000000000e+02 1.191738410639438861e+00
2.950000000000000000e+02 1.193614647098613313e+00
2.960000000000000000e+02 1.195273493381323160e+00
2.970000000000000000e+02 1.196715768868208185e+00
2.980000000000000000e+02 1.197947752937534416e+00
2.990000000000000000e+02 1.198974514812991998e+00
3.000000000000000000e+02 1.196109527260861949e+00
3.010000000000000000e+02 1.188717110090764306e+00
3.020000000000000000e+02 1.181026860890705299e+00
3.030000000000000000e+02 1.174207601520850686e+00
3.040000000000000000e+02 1.168318115173563321e+00
3.050000000000000000e+02 1.163419530968785809e+00
3.060000000000000000e+02 1.159572444876445063e+00
3.070000000000000000e+02 1.156835008237363072e+00
3.080000000000000000e+02 1.155262829073231634e+00
3.090000000000000000e+02 1.154908940957558805e+00
3.100000000000000000e+02 1.155676432365786210e+00
3.110000000000000000e+02 1.156865441588018184e+00
3.120000000000000000e+02 1.157746213548002778e+00
3.130000000000000000e+02 1.158163940451455209e+00
3.140000000000000000e+02 1.158110877120470450e+00
3.150000000000000000e+02 1.157579933057463206e+00
3.160000000000000000e+02 1.156564746704378699e+00
3.170000000000000000e+02 1.155059753025577729e+00
3.180000000000000000e+02 1.153060243629059789e+00
3.190000000000000000e+02 1.150562418740120441e+00
3.200000000000000000e+02 1.147601606691853293e+00
3.210000000000000000e+02 1.144368765834948176e+00
3.220000000000000000e+02 1.141060444455595624e+00
3.230000000000000000e+02 1.137722599780560007e+00
3.240000000000000000e+02 1.134362800152641126e+00
3.250000000000000000e+02 1.130988345801879236e+00
3.260000000000000000e+02 1.127606255322588513e+00
3.270000000000000000e+02 1.124223254592284782e+00
3.280000000000000000e+02 1.120845767983068120e+00
3.290000000000000000e+02 1.117479911709750917e+00
3.300000000000000000e+02 1.114132929973022712e+00
3.310000000000000000e+02 1.110824807676478843e+00
3.320000000000000000e+02 1.107580944385551103e+00
3.330000000000000000e+02 1.104413637121254954e+00
3.340000000000000000e+02 1.101319216253157540e+00
3.350000000000000000e+02 1.098243024278051427e+00
3.360000000000000000e+02 1.095119950678339560e+00
3.370000000000000000e+02 1.091934839257624690e+00
3.380000000000000000e+02 1.088690625884473517e+00
3.390000000000000000e+02 1.085390201808481780e+00
3.400000000000000000e+02 1.082037035823598892e+00
3.410000000000000000e+02 1.078642881314451962e+00
3.420000000000000000e+02 1.075224674696775962e+00
3.430000000000000000e+02 1.071791113301826970e+00
3.440000000000000000e+02 1.068344998670299306e+00
3.450000000000000000e+02 1.064888911843214103e+00
3.460000000000000000e+02 1.061425300809223815e+00
3.470000000000000000e+02 1.057955145381636708e+00
3.480000000000000000e+02 1.054477468479280811e+00
3.490000000000000000e+02 1.050992418045677113e+00
3.500000000000000000e+02 1.047504073881577957e+00
3.510000000000000000e+02 1.044025108248862299e+00
3.520000000000000000e+02 1.040568046214889852e+00
3.530000000000000000e+02 1.037136632706047834e+00
3.540000000000000000e+02 1.033732332530916231e+00
3.550000000000000000e+02 1.030356499043358465e+00
3.560000000000000000e+02 1.027010378636976418e+00
3.570000000000000000e+02 1.023695115195382366e+00
3.580000000000000000e+02 1.020411754485185174e+00
3.590000000000000000e+02 1.017161248479465430e+00
3.600000000000000000e+02 1.013944459601600956e+00
3.610000000000000000e+02 1.044644454859462224e+00
3.620000000000000000e+02 1.157317635472334905e+00
3.630000000000000000e+02 1.303042010135897488e+00
3.640000000000000000e+02 1.417922549594280213e+00
3.650000000000000000e+02 1.501768904229776380e+00
3.660000000000000000e+02 1.555495401432824609e+00
3.670000000000000000e+02 1.580302022541990814e+00
3.680000000000000000e+02 1.577569573054838692e+00
3.690000000000000000e+02 1.548738627976320670e+00
3.700000000000000000e+02 1.496563817968769250e+00
3.710000000000000000e+02 1.433596411605153831e+00
3.720000000000000000e+02 1.374814758743830634e+00
3.730000000000000000e+02 1.324460700974636085e+00
3.740000000000000000e+02 1.282146300367555725e+00
3.750000000000000000e+02 1.247510605334923195e+00
3.760000000000000000e+02 1.220235116650348672e+00
3.770000000000000000e+02 1.200037120637338584e+00
3.780000000000000000e+02 1.186662973847231184e+00
3.790000000000000000e+02 1.179881517280483738e+00
3.800000000000000000e+02 1.179012326506309272e+00
3.810000000000000000e+02 1.180898631906779572e+00
3.820000000000000000e+02 1.182104495856305171e+00
3.830000000000000000e+02 1.181810711527838231e+00
3.840000000000000000e+02 1.180063099503465773e+00
3.850000000000000000e+02 1.176905572327682226e+00
3.860000000000000000e+02 1.172379150190766994e+00
3.870000000000000000e+02 1.166521676386044426e+00
3.880000000000000000e+02 1.159367583727063167e+00
3.890000000000000000e+02 1.150947710962930470e+00
3.900000000000000000e+02 1.141290897882758504e+00
3.910000000000000000e+02 1.130705533645144145e+00
3.920000000000000000e+02 1.120116159735369488e+00
3.930000000000000000e+02 1.110227685797204211e+00
3.940000000000000000e+02 1.101100444963469815e+00
3.950000000000000000e+02 1.092709845176720540e+00
3.960000000000000000e+02 1.085033001818294540e+00
3.970000000000000000e+02 1.078048620848921946e+00
3.980000000000000000e+02 1.071736886776853304e+00
3.990000000000000000e+02 1.066079355739522949e+00
4.000000000000000000e+02 1.061056621188991134e+00
4.010000000000000000e+02 1.056535235129174355e+00
4.020000000000000000e+02 1.052234383580235022e+00
4.030000000000000000e+02 1.047984430717741278e+00
4.040000000000000000e+02 1.043772619928128087e+00
4.050000000000000000e+02 1.039594485552887360e+00
4.060000000000000000e+02 1.035442005051653513e+00
4.070000000000000000e+02 1.031309270450250670e+00
4.080000000000000000e+02 1.027194257231293983e+00
4.090000000000000000e+02 1.023095311733417390e+00
4.100000000000000000e+02 1.019010781935043131e+00
4.110000000000000000e+02 1.014942103334017798e+00
4.120000000000000000e+02 1.010922566660717337e+00
4.130000000000000000e+02 1.007001132700808377e+00
4.140000000000000000e+02 1.003194882947112898e+00
4.150000000000000000e+02 9.995020407097492399e-01
4.160000000000000000e+02 9.959207163783838634e-01
4.170000000000000000e+02 9.924491468130084426e-01
4.180000000000000000e+02 9.890856896081113847e-01
4.190000000000000000e+02 9.858288176269573988e-01
4.200000000000000000e+02 9.826735236295317533e-01
4.210000000000000000e+02 9.795576967090238174e-01
4.220000000000000000e+02 9.763767487810461887e-01
4.230000000000000000e+02 9.730803263882507048e-01
4.240000000000000000e+02 9.696622701119901322e-01
4.250000000000000000e+02 9.661175622036364263e-01
4.260000000000000000e+02 9.624411855130294846e-01
4.270000000000000000e+02 9.586281337135088565e-01
4.280000000000000000e+02 9.546734213438685668e-01
4.290000000000000000e+02 9.505720936675849941e-01
4.300000000000000000e+02 9.463192363500779747e-01
4.310000000000000000e+02 9.419099849511923805e-01
4.320000000000000000e+02 9.373395342355413939e-01
4.330000000000000000e+02 9.326673204486105595e-01
4.340000000000000000e+02 9.282119449744951067e-01
4.350000000000000000e+02 9.242981189462121661e-01
4.360000000000000000e+02 9.209962630517938287e-01
4.370000000000000000e+02 9.183123974812158474e-01
4.380000000000000000e+02 9.162529142163443607e-01
4.390000000000000000e+02 9.148249103493610868e-01
4.400000000000000000e+02 9.140358082538649898e-01
4.410000000000000000e+02 9.138446358233046629e-01
4.420000000000000000e+02 9.139452217510134480e-01
4.430000000000000000e+02 9.139852278262164953e-01
4.440000000000000000e+02 9.138724204235610937e-01
4.450000000000000000e+02 9.136030607989054086e-01
4.460000000000000000e+02 9.131734167630485288e-01
4.470000000000000000e+02 9.125797025121440420e-01
4.480000000000000000e+02 9.118180855324210521e-01
4.490000000000000000e+02 9.108851293970934293e-01
4.500000000000000000e+02 9.098112860969426174e-01
4.510000000000000000e+02 9.086851047550530414e-01
4.520000000000000000e+02 9.075685700097756436e-01
4.530000000000000000e+02 9.064667627913930437e-01
4.540000000000000000e+02 9.053792233270548939e-01
4.550000000000000000e+02 9.043055067312697481e-01
4.560000000000000000e+02 9.032451826094082259e-01
4.570000000000000000e+02 9.021978346730994414e-01
4.580000000000000000e+02 9.011630603666136441e-01
4.590000000000000000e+02 9.001404705049131927e-01
4.600000000000000000e+02 8.991297016005065368e-01
4.610000000000000000e+02 8.981304525426582197e-01
4.620000000000000000e+02 8.971424317122526082e-01
4.630000000000000000e+02 8.961653064745824793e-01
4.640000000000000000e+02 8.951987430742636143e-01
4.650000000000000000e+02 8.942427719903828232e-01
4.660000000000000000e+02 8.932993320481472654e-01
4.670000000000000000e+02 8.923706289991920615e-01
4.680000000000000000e+02 8.914569632081119632e-01
4.690000000000000000e+02 8.905580666864015837e-01
4.700000000000000000e+02 8.896736680689698584e-01
4.710000000000000000e+02 8.888034445536798778e-01
4.720000000000000000e+02 8.879470792833910053e-01
4.730000000000000000e+02 8.871042706350642515e-01
4.740000000000000000e+02 8.862747317989518869e-01
4.750000000000000000e+02 8.854581903688945044e-01
4.760000000000000000e+02 8.846543879423963697e-01
4.770000000000000000e+02 8.838630797307384102e-01
4.780000000000000000e+02 8.830840341793155801e-01
4.790000000000000000e+02 8.823170325961811056e-01
4.800000000000000000e+02 8.815618687912051277e-01
4.810000000000000000e+02 8.808183487239116261e-01
4.820000000000000000e+02 8.800873827645931957e-01
4.830000000000000000e+02 8.793758778796754161e-01
4.840000000000000000e+02 8.786918735326304519e-01
4.850000000000000000e+02 8.780376487285751486e-01
4.860000000000000000e+02 8.774135026678613336e-01
4.870000000000000000e+02 8.768196809167987382e-01
4.880000000000000000e+02 8.762564233781108269e-01
4.890000000000000000e+02 8.757240337585222578e-01
4.900000000000000000e+02 8.752228422803072228e-01
4.910000000000000000e+02 8.747531840779170231e-01
4.920000000000000000e+02 8.743153990038960988e-01
4.930000000000000000e+02 8.739098314750137764e-01
4.940000000000000000e+02 8.735368303235436782e-01
4.950000000000000000e+02 8.731967486542672185e-01
4.960000000000000000e+02 8.728899437074426615e-01
4.970000000000000000e+02 8.726167767259914720e-01
4.980000000000000000e+02 8.723776128283953213e-01
4.990000000000000000e+02 8.721728208856874831e-01
5.000000000000000000e+02 8.720027488088167855e-01
5.010000000000000000e+02 8.718617425471782978e-01
5.020000000000000000e+02 8.717305644723369884e-01
5.030000000000000000e+02 8.715938146724794278e-01
5.040000000000000000e+02 8.714493958088136427e-01
5.050000000000000000e+02 8.712970276295856076e-01
5.060000000000000000e+02 8.711364331812418982e-01
5.070000000000000000e+02 8.709673387915775056e-01
5.080000000000000000e+02 8.707894698468763295e-01
5.090000000000000000e+02 8.706024093898176996e-01
5.100000000000000000e+02 8.704055688697407422e-01
5.110000000000000000e+02 8.701984992533442487e-01
5.120000000000000000e+02 8.699809357348540217e-01
5.130000000000000000e+02 8.697526276790782385e-01
5.140000000000000000e+02 8.695133274378611388e-01
5.150000000000000000e+02 8.692627903314381621e-01
5.160000000000000000e+02 8.690007746308548997e-01
5.170000000000000000e+02 8.687270415402853496e-01
5.180000000000000000e+02 8.684413551771723583e-01
5.190000000000000000e+02 8.681434825537511779e-01
5.200000000000000000e+02 8.678331935581103940e-01
5.210000000000000000e+02 8.675102734927798709e-01
5.220000000000000000e+02 8.671771850832050710e-01
5.230000000000000000e+02 -4.550130699171066908e+02
5.240000000000000000e+02 -4.567583928699899616e+02
5.250000000000000000e+02 8.661890340904598862e-01
5.260000000000000000e+02 8.658713108374684886e-01
5.270000000000000000e+02 8.655596353478223204e-01
5.280000000000000000e+02 8.652540606573996262e-01
5.290000000000000000e+02 8.649546418150324545e-01
5.300000000000000000e+02 8.646614358284016033e-01
5.310000000000000000e+02 8.643745016110790935e-01
5.320000000000000000e+02 8.640938999302323342e-01
5.330000000000000000e+02 8.638196933565357449e-01
5.340000000000000000e+02 8.635519462146239444e-01
5.350000000000000000e+02 8.632907245353035330e-01
5.360000000000000000e+02 8.630360960085424749e-01
5.370000000000000000e+02 8.627881299378641344e-01
5.380000000000000000e+02 8.625468971960952302e-01
5.390000000000000000e+02 8.623124701813520421e-01
5.400000000000000000e+02 8.620849101912105850e-01
5.410000000000000000e+02 8.618639889322375902e-01
5.420000000000000000e+02 8.616491943681213739e-01
5.430000000000000000e+02 8.614402852177055481e-01
5.440000000000000000e+02 8.612373103537048769e-01
5.450000000000000000e+02 8.610403327904738724e-01
5.460000000000000000e+02 8.608495113563040535e-01
5.470000000000000000e+02 8.606654732838645572e-01
5.480000000000000000e+02 8.604888967908533859e-01
5.490000000000000000e+02 8.603199917278006037e-01
5.500000000000000000e+02 8.601588243978727233e-01
5.510000000000000000e+02 8.600054626931002977e-01
5.520000000000000000e+02 8.598599760992323704e-01
5.530000000000000000e+02 8.597224356590044136e-01
5.540000000000000000e+02 8.595929139360748428e-01
5.550000000000000000e+02 8.594714849796190048e-01
5.560000000000000000e+02 8.593582242906099289e-01
5.570000000000000000e+02 8.592532087882510661e-01
5.580000000000000000e+02 8.591565167781088919e-01
5.590000000000000000e+02 8.590682279201957705e-01
5.600000000000000000e+02 8.589884231982647389e-01
5.610000000000000000e+02 8.589171848905323703e-01
5.620000000000000000e+02 8.588545965405115501e-01
5.630000000000000000e+02 8.588007429288556649e-01
5.640000000000000000e+02 8.587557100460022630e-01
5.650000000000000000e+02 8.587195850659109508e-01
5.660000000000000000e+02 8.586924563202196214e-01
5.670000000000000000e+02 8.586744132733153956e-01
5.680000000000000000e+02 8.586655464977603902e-01
5.690000000000000000e+02 8.586659476515918765e-01
5.700000000000000000e+02 8.586757094550345748e-01
5.710000000000000000e+02 8.586949256684698328e-01
5.720000000000000000e+02 8.587237386518052906e-01
5.730000000000000000e+02 8.587633907919685061e-01
5.740000000000000000e+02 8.588161965148684018e-01
5.750000000000000000e+02 8.588834451931764979e-01
5.760000000000000000e+02 8.589653333219295916e-01
5.770000000000000000e+02 8.590554150249002374e-01
5.780000000000000000e+02 8.591238075475738922e-01
5.790000000000000000e+02 8.591482906466939573e-01
5.800000000000000000e+02 8.591612997144850716e-01
5.810000000000000000e+02 8.592038441508508262e-01
5.820000000000000000e+02 8.592856959389256755e-01
5.830000000000000000e+02 8.594069910934457601e-01
5.840000000000000000e+02 8.595678678013130014e-01
5.850000000000000000e+02 8.597684689913996925e-01
5.860000000000000000e+02 8.600089422542007700e-01
5.870000000000000000e+02 8.602888580423081466e-01
5.880000000000000000e+02 8.605897096649164357e-01
5.890000000000000000e+02 8.608742888350672251e-01
5.900000000000000000e+02 8.611394727442894803e-01
5.910000000000000000e+02 8.614014525563398195e-01
5.920000000000000000e+02 8.616482549091921683e-01
5.930000000000000000e+02 8.618668606084877171e-01
5.940000000000000000e+02 8.620561534109651980e-01
5.950000000000000000e+02 8.622158215443159746e-01
5.960000000000000000e+02 8.623455531011129382e-01
5.970000000000000000e+02 8.624450361193584103e-01
5.980000000000000000e+02 8.625139586629949617e-01
5.990000000000000000e+02 8.625520089030636051e-01
6.000000000000000000e+02 8.625588751986008607e-01
6.010000000000000000e+02 8.625342461780550751e-01
6.020000000000000000e+02 8.624778108201130999e-01
6.030000000000000000e+02 8.623892585346673023e-01
6.040000000000000000e+02 8.622682792448164157e-01
6.050000000000000000e+02 8.621145634674006741e-01
6.060000000000000000e+02 8.619278023938459210e-01
6.070000000000000000e+02 8.617076879716490945e-01
6.080000000000000000e+02 8.614539129848418630e-01
6.090000000000000000e+02 8.611661711349992698e-01
6.100000000000000000e+02 8.608447300890452736e-01
6.110000000000000000e+02 8.605030878758455071e-01
6.120000000000000000e+02 8.601676135435862847e-01
6.130000000000000000e+02 8.598522952693162802e-01
6.140000000000000000e+02 8.595579513270795724e-01
6.150000000000000000e+02 8.592848252967426603e-01
6.160000000000000000e+02 8.590331608995229740e-01
6.170000000000000000e+02 8.588032020027667190e-01
6.180000000000000000e+02 8.585951926226150777e-01
6.190000000000000000e+02 8.584093769288425602e-01
6.200000000000000000e+02 8.582460002427267920e-01
6.210000000000000000e+02 8.581053120625102837e-01
6.220000000000000000e+02 8.579875622025370241e-01
6.230000000000000000e+02 8.578929967953089486e-01
6.240000000000000000e+02 8.578218612012646904e-01
6.250000000000000000e+02 8.577744010050187828e-01
6.260000000000000000e+02 8.577508620298955888e-01
6.270000000000000000e+02 8.577514903538019375e-01
6.280000000000000000e+02 8.577765323250097218e-01
6.290000000000000000e+02 8.578262345809124501e-01
6.300000000000000000e+02 8.579008440676718639e-01
6.310000000000000000e+02 8.580006080583613137e-01
6.320000000000000000e+02 8.581253922837458470e-01
6.330000000000000000e+02 8.582662472826776412e-01
6.340000000000000000e+02 8.584056560323303220e-01
6.350000000000000000e+02 8.585343640042016888e-01
6.360000000000000000e+02 8.586518965264543501e-01
6.370000000000000000e+02 8.587581622254838454e-01
6.380000000000000000e+02 8.588530699113761102e-01
6.390000000000000000e+02 8.589365285842327502e-01
6.400000000000000000e+02 8.590084474409505066e-01
6.410000000000000000e+02 8.590687358826850639e-01
6.420000000000000000e+02 8.591173035203001351e-01
6.430000000000000000e+02 8.591540592185905600e-01
6.440000000000000000e+02 8.591784812149608763e-01
6.450000000000000000e+02 8.591889372068428621e-01
6.460000000000000000e+02 8.591840435597770664e-01
6.470000000000000000e+02 8.591635252707803261e-01
6.480000000000000000e+02 8.591272833752984228e-01
6.490000000000000000e+02 8.590752188435644143e-01
6.500000000000000000e+02 8.590072325944210219e-01
6.510000000000000000e+02 8.589232255095050617e-01
6.520000000000000000e+02 8.588230984474658491e-01
6.530000000000000000e+02 8.587067522579836520e-01
6.540000000000000000e+02 8.585740877960404971e-01
6.550000000000000000e+02 8.584250059361540064e-01
6.560000000000000000e+02 8.582596453210485921e-01
6.570000000000000000e+02 8.580803627537322287e-01
6.580000000000000000e+02 8.578904984936087663e-01
6.590000000000000000e+02 8.576911962047960580e-01
6.600000000000000000e+02 8.574823934806105052e-01
6.610000000000000000e+02 8.572640186627994430e-01
6.620000000000000000e+02 8.570360008490408577e-01
6.630000000000000000e+02 8.567982677352204979e-01
6.640000000000000000e+02 8.565507471559161701e-01
6.650000000000000000e+02 8.562933676021746709e-01
6.660000000000000000e+02 8.560260582156012932e-01
6.670000000000000000e+02 8.557487464608151129e-01
6.680000000000000000e+02 8.554607146046161459e-01
6.690000000000000000e+02 8.551597169262256104e-01
6.700000000000000000e+02 8.548439235091732646e-01
6.710000000000000000e+02 8.545130296182246177e-01
6.720000000000000000e+02 8.541669513005551995e-01
6.730000000000000000e+02 8.538056049270370540e-01
6.740000000000000000e+02 8.534293580522523959e-01
6.750000000000000000e+02 8.530561580237089325e-01
6.760000000000000000e+02 8.527265861254694768e-01
6.770000000000000000e+02 8.524655166905298342e-01
6.780000000000000000e+02 8.522750597647771320e-01
6.790000000000000000e+02 8.521557974624811571e-01
6.800000000000000000e+02 8.521083106766657034e-01
6.810000000000000000e+02 8.521331792613050515e-01
6.820000000000000000e+02 8.522309822126246104e-01
6.830000000000000000e+02 8.524022978512663107e-01
6.840000000000000000e+02 8.526477040019017073e-01
6.850000000000000000e+02 8.529677781748715715e-01
6.860000000000000000e+02 8.533630977453876554e-01
6.870000000000000000e+02 8.538342401324869879e-01
6.880000000000000000e+02 8.543817829776203521e-01
6.890000000000000000e+02 8.550063043211323377e-01
6.900000000000000000e+02 8.557083827792919539e-01
6.910000000000000000e+02 8.564885977200800138e-01
6.920000000000000000e+02 8.573475294363963606e-01
6.930000000000000000e+02 8.582857593192428913e-01
6.940000000000000000e+02 8.592912722646957047e-01
6.950000000000000000e+02 8.603014007808630348e-01
6.960000000000000000e+02 8.612528278717251906e-01
6.970000000000000000e+02 8.621323915921188519e-01
6.980000000000000000e+02 8.629395333374236809e-01
6.990000000000000000e+02 8.636736932956822210e-01
7.000000000000000000e+02 8.643343137963402922e-01
7.010000000000000000e+02 8.649208491162528878e-01
7.020000000000000000e+02 8.654327534245824793e-01
7.030000000000000000e+02 8.658694682478785820e-01
7.040000000000000000e+02 8.662304318400072534e-01
7.050000000000000000e+02 8.665150824977164712e-01
7.060000000000000000e+02 8.667228636553591103e-01
7.070000000000000000e+02 8.668533433393563747e-01
7.080000000000000000e+02 8.669062172298874769e-01
7.090000000000000000e+02 8.668810651453517924e-01
7.100000000000000000e+02 8.667773372167782986e-01
7.110000000000000000e+02 8.665944785829844399e-01
7.120000000000000000e+02 8.663319358248419144e-01
7.130000000000000000e+02 8.659891571523895548e-01
7.140000000000000000e+02 8.655655925899971015e-01
7.150000000000000000e+02 8.650678759931451633e-01
7.160000000000000000e+02 8.645315132726808516e-01
7.170000000000000000e+02 8.639923640757318779e-01
7.180000000000000000e+02 8.634576858217373196e-01
7.190000000000000000e+02 8.629275494274504243e-01
7.200000000000000000e+02 8.624020256128817064e-01
7.210000000000000000e+02 8.618811849003148451e-01
7.220000000000000000e+02 8.613650976156929095e-01
7.230000000000000000e+02 8.608538338886313479e-01
7.240000000000000000e+02 8.603474636512427054e-01
7.250000000000000000e+02 8.598460566397558846e-01
7.260000000000000000e+02 8.593496823944098972e-01
7.270000000000000000e+02 8.588584102598106895e-01
7.280000000000000000e+02 8.583723093852730912e-01
7.290000000000000000e+02 8.578914487258438859e-01
7.300000000000000000e+02 8.574158970425486137e-01
7.310000000000000000e+02 8.569457229024766143e-01
7.320000000000000000e+02 8.564809946809586183e-01
7.330000000000000000e+02 8.560217805610667030e-01
7.340000000000000000e+02 8.555681485347823578e-01
7.350000000000000000e+02 8.551201664041546691e-01
7.360000000000000000e+02 8.546779017822376812e-01
7.370000000000000000e+02 8.542414220937979419e-01
7.380000000000000000e+02 8.538107945760035067e-01
7.390000000000000000e+02 8.533860862805324743e-01
7.400000000000000000e+02 8.529673640740985663e-01
7.410000000000000000e+02 8.525546946393853798e-01
7.420000000000000000e+02 8.521481444769787306e-01
7.430000000000000000e+02 8.517477799058782439e-01
7.440000000000000000e+02 8.513536670648581550e-01
7.450000000000000000e+02 8.509658719146531158e-01
7.460000000000000000e+02 8.505844602384960984e-01
7.470000000000000000e+02 8.502094976436926910e-01
7.480000000000000000e+02 8.498410495630338568e-01
7.490000000000000000e+02 8.494791812563792233e-01
7.500000000000000000e+02 8.491239578126327237e-01
7.510000000000000000e+02 8.487754441501866864e-01
7.520000000000000000e+02 8.484337050187473750e-01
7.530000000000000000e+02 8.480988050022285618e-01
7.540000000000000000e+02 8.477708085187316556e-01
7.550000000000000000e+02 8.474497798229183587e-01
7.560000000000000000e+02 8.471357830075132433e-01
7.570000000000000000e+02 8.468288820048590626e-01
7.580000000000000000e+02 8.465291405889812104e-01
7.590000000000000000e+02 8.462366223771060625e-01
7.600000000000000000e+02 8.459513908315369202e-01
7.610000000000000000e+02 8.456735092603681059e-01
7.620000000000000000e+02 8.454030408209480818e-01
7.630000000000000000e+02 8.451400485209376034e-01
7.640000000000000000e+02 8.448845952193688724e-01
7.650000000000000000e+02 8.446367436294811570e-01
7.660000000000000000e+02 8.443965563200042101e-01
7.670000000000000000e+02 8.441640957167964032e-01
7.680000000000000000e+02 8.439394241058110202e-01
7.690000000000000000e+02 8.437226036334123380e-01
7.700000000000000000e+02 8.435136963088218920e-01
7.710000000000000000e+02 8.433127640068617259e-01
7.720000000000000000e+02 8.431198684686844746e-01
7.730000000000000000e+02 8.429350713037536691e-01
7.740000000000000000e+02 8.427584339922297163e-01
7.750000000000000000e+02 8.425900178868213075e-01
7.760000000000000000e+02 8.424298842140912624e-01
7.770000000000000000e+02 8.422780940768321845e-01
7.780000000000000000e+02 8.421347084560618645e-01
7.790000000000000000e+02 8.419997882123874122e-01
7.800000000000000000e+02 8.418733940883287303e-01
7.810000000000000000e+02 8.417555867102949341e-01
7.820000000000000000e+02 8.416464265897205532e-01
7.830000000000000000e+02 8.415459741260518101e-01
7.840000000000000000e+02 8.414542896075305478e-01
7.850000000000000000e+02 8.413714332137052221e-01
7.860000000000000000e+02 8.412974650177962310e-01
7.870000000000000000e+02 8.412324449871511067e-01
7.880000000000000000e+02 8.411764329864208634e-01
7.890000000000000000e+02 8.411294887785427665e-01
7.900000000000000000e+02 8.410916720272307856e-01
7.910000000000000000e+02 8.410630422985274635e-01
7.920000000000000000e+02 8.410436590622690778e-01
7.930000000000000000e+02 8.410335816949072729e-01
7.940000000000000000e+02 8.410328694805607741e-01
7.950000000000000000e+02 8.410415816123016919e-01
7.960000000000000000e+02 8.410597771949299695e-01
7.970000000000000000e+02 8.410875152472576666e-01
7.980000000000000000e+02 8.411248547021328292e-01
7.990000000000000000e+02 8.411718544090345251e-01
8.000000000000000000e+02 8.412277591212907746e-01
8.010000000000000000e+02 8.412885445302255016e-01
8.020000000000000000e+02 8.413501547992967566e-01
8.030000000000000000e+02 8.414117805670676686e-01
8.040000000000000000e+02 8.414734273251426311e-01
8.050000000000000000e+02 8.415351005630359316e-01
8.060000000000000000e+02 8.415968057684746206e-01
8.070000000000000000e+02 8.416585484274430318e-01
8.080000000000000000e+02 8.417203340226262487e-01
8.090000000000000000e+02 8.417821680351808000e-01
8.100000000000000000e+02 8.418440559438883364e-01
8.110000000000000000e+02 8.419060032243302905e-01
8.120000000000000000e+02 8.419680153492572483e-01
8.130000000000000000e+02 8.420300977895176509e-01
8.140000000000000000e+02 8.420922560120285283e-01
8.150000000000000000e+02 8.421544954805900707e-01
8.160000000000000000e+02 8.422168216569668742e-01
8.170000000000000000e+02 8.422792399986380740e-01
8.180000000000000000e+02 8.423417559597635718e-01
8.190000000000000000e+02 8.424043749915377521e-01
8.200000000000000000e+02 8.424671025412564518e-01
8.210000000000000000e+02 8.425299440523371652e-01
8.220000000000000000e+02 8.425929049650427993e-01
8.230000000000000000e+02 8.426559907154699269e-01
8.240000000000000000e+02 8.427192067354044580e-01
8.250000000000000000e+02 8.427825584534698322e-01
8.260000000000000000e+02 8.428460512934964344e-01
8.270000000000000000e+02 8.429096906751567531e-01
8.280000000000000000e+02 8.429734820141938645e-01
8.290000000000000000e+02 8.430374307221034647e-01
8.300000000000000000e+02 8.431015422054854991e-01
8.310000000000000000e+02 8.431658218666516769e-01
8.320000000000000000e+02 8.432302751036389044e-01
8.330000000000000000e+02 8.432949073093062298e-01
8.340000000000000000e+02 8.433597238724204193e-01
8.350000000000000000e+02 8.434247301766417682e-01
8.360000000000000000e+02 8.434899316005912695e-01
8.370000000000000000e+02 8.435553335184158286e-01
8.380000000000000000e+02 8.436209412992941026e-01
8.390000000000000000e+02 8.436867603067876864e-01
8.400000000000000000e+02 8.437527959003566780e-01
8.410000000000000000e+02 8.438190534334935045e-01
8.420000000000000000e+02 8.438855382545282779e-01
8.430000000000000000e+02 8.439522557072507425e-01
8.440000000000000000e+02 8.440192111296592747e-01
8.450000000000000000e+02 8.440864098542825156e-01
8.460000000000000000e+02 8.441538572085918180e-01
8.470000000000000000e+02 8.442215585144698942e-01
8.480000000000000000e+02 8.442895190878056955e-01
8.490000000000000000e+02 8.443577442401626332e-01
8.500000000000000000e+02 8.444262392766150871e-01
8.510000000000000000e+02 8.444950094963575848e-01
8.520000000000000000e+02 8.445640520454102962e-01
8.530000000000000000e+02 8.446333184869209143e-01
8.540000000000000000e+02 8.447027523877319588e-01
8.550000000000000000e+02 8.447723425955884213e-01
8.560000000000000000e+02 8.448420937151828181e-01
8.570000000000000000e+02 8.449120103594378595e-01
8.580000000000000000e+02 8.449820971327678398e-01
8.590000000000000000e+02 8.450523586320590752e-01
8.600000000000000000e+02 8.451227994460042137e-01
8.610000000000000000e+02 8.451934241554922567e-01
8.620000000000000000e+02 8.452642373337548864e-01
8.630000000000000000e+02 8.453352435457737180e-01
8.640000000000000000e+02 8.454064473488515086e-01
8.650000000000000000e+02 8.454778532925443235e-01
8.660000000000000000e+02 8.455494659182446471e-01
8.670000000000000000e+02 8.456212897594894695e-01
8.680000000000000000e+02 8.456933293419255371e-01
8.690000000000000000e+02 8.457655891837597695e-01
8.700000000000000000e+02 8.458380737946703531e-01
8.710000000000000000e+02 8.459107876764911937e-01
8.720000000000000000e+02 8.459837353239513247e-01
8.730000000000000000e+02 8.460569212231621172e-01
8.740000000000000000e+02 8.461303498524904709e-01
8.750000000000000000e+02 8.462040256824808759e-01
8.760000000000000000e+02 8.462779531763762186e-01
8.770000000000000000e+02 8.463521367888200420e-01
8.780000000000000000e+02 8.464265809667144147e-01
8.790000000000000000e+02 8.465012901495770903e-01
8.800000000000000000e+02 8.465762687688265231e-01
8.810000000000000000e+02 8.466515212479228669e-01
8.820000000000000000e+02 8.467270520029611669e-01
8.830000000000000000e+02 8.468028654419901269e-01
8.840000000000000000e+02 8.468789659649805790e-01
8.850000000000000000e+02 8.469553579646144081e-01
8.860000000000000000e+02 8.470320458257881713e-01
8.870000000000000000e+02 8.471090339252583812e-01
8.880000000000000000e+02 8.471863266322638975e-01
8.890000000000000000e+02 8.472639283086308426e-01
8.900000000000000000e+02 8.473418433078313550e-01
8.910000000000000000e+02 8.474200759762711144e-01
8.920000000000000000e+02 8.474986306521283819e-01
8.930000000000000000e+02 8.475775116663747388e-01
8.940000000000000000e+02 8.476567245218612490e-01
8.950000000000000000e+02 8.477362893243364228e-01
8.960000000000000000e+02 8.478162349601809922e-01
8.970000000000000000e+02 8.478965759919212530e-01
8.980000000000000000e+02 8.479773171334149540e-01
8.990000000000000000e+02 8.480584629071219460e-01
9.000000000000000000e+02 8.481400178283984292e-01
9.010000000000000000e+02 8.482219864050132285e-01
9.020000000000000000e+02 8.483043731381527675e-01
9.030000000000000000e+02 8.483871825217702556e-01
9.040000000000000000e+02 8.484704190432125204e-01
9.050000000000000000e+02 8.485540871823954445e-01
9.060000000000000000e+02 8.486381914125830095e-01
9.070000000000000000e+02 8.487227361996576569e-01
9.080000000000000000e+02 8.488077260027858673e-01
9.090000000000000000e+02 8.488931652743809675e-01
9.100000000000000000e+02 8.489790584593527312e-01
9.110000000000000000e+02 8.490654099963629298e-01
9.120000000000000000e+02 8.491522243166851336e-01
9.130000000000000000e+02 8.492395058447990142e-01
9.140000000000000000e+02 8.493272589985491061e-01
9.150000000000000000e+02 8.494154881883643204e-01
9.160000000000000000e+02 8.495041978181185893e-01
9.170000000000000000e+02 8.495933922848923903e-01
9.180000000000000000e+02 8.496830759792250998e-01
9.190000000000000000e+02 8.497732532844225473e-01
9.200000000000000000e+02 8.498639285765171580e-01
9.210000000000000000e+02 8.499551062258445810e-01
9.220000000000000000e+02 8.500467905955026993e-01
9.230000000000000000e+02 8.501389860414105826e-01
9.240000000000000000e+02 8.502316969130978563e-01
9.250000000000000000e+02 8.503249275537076990e-01
9.260000000000000000e+02 8.504186822993214934e-01
9.270000000000000000e+02 8.505129654788339266e-01
9.280000000000000000e+02 8.506077814155805772e-01
9.290000000000000000e+02 8.507031344253472849e-01
9.300000000000000000e+02 8.507990288175353299e-01
9.310000000000000000e+02 8.508954688953702661e-01
9.320000000000000000e+02 8.509924589543353957e-01
9.330000000000000000e+02 8.510900032844771479e-01
9.340000000000000000e+02 8.511881061691197736e-01
9.350000000000000000e+02 8.512867718843633025e-01
9.360000000000000000e+02 8.513860047001869935e-01
9.370000000000000000e+02 8.514858088800597580e-01
9.380000000000000000e+02 8.515861886808897552e-01
9.390000000000000000e+02 8.516871483532582054e-01
9.400000000000000000e+02 8.517886921413625467e-01
9.410000000000000000e+02 8.518908242824304589e-01
9.420000000000000000e+02 8.519935490075239981e-01
9.430000000000000000e+02 8.520968705415876698e-01
9.440000000000000000e+02 8.522007931029098593e-01
9.450000000000000000e+02 8.523053209031582478e-01
9.460000000000000000e+02 8.524104581485328902e-01
9.470000000000000000e+02 8.525162090380369317e-01
9.480000000000000000e+02 8.526225777643838821e-01
9.490000000000000000e+02 8.527295685145565018e-01
9.500000000000000000e+02 8.528371854689434928e-01
9.510000000000000000e+02 8.529454328016526921e-01
9.520000000000000000e+02 8.530543146804056009e-01
9.530000000000000000e+02 8.531638352673847070e-01
9.540000000000000000e+02 8.532739987176911622e-01
9.550000000000000000e+02 8.533848091805399383e-01
9.560000000000000000e+02 8.534962707995050746e-01
9.570000000000000000e+02 8.536083877115583363e-01
9.580000000000000000e+02 8.537211640475415031e-01
9.590000000000000000e+02 8.538346039322787240e-01
9.600000000000000000e+02 8.539487114843216098e-01
9.610000000000000000e+02 8.540634908165397610e-01
9.620000000000000000e+02 8.541789460358001351e-01
9.630000000000000000e+02 8.542950812425184060e-01
9.640000000000000000e+02 8.544119005315454762e-01
9.650000000000000000e+02 8.545294079911008867e-01
9.660000000000000000e+02 8.546476077042072239e-01
9.670000000000000000e+02 8.547665037476780414e-01
9.680000000000000000e+02 8.548861001921367331e-01
9.690000000000000000e+02 8.550064011030842348e-01
9.700000000000000000e+02 8.551274105390035407e-01
9.710000000000000000e+02 8.552491325534088418e-01
9.720000000000000000e+02 8.553715711933708166e-01
9.730000000000000000e+02 8.554947305008900882e-01
9.740000000000000000e+02 8.556186145115337593e-01
9.750000000000000000e+02 8.557432272549929664e-01
9.760000000000000000e+02 8.558685727561448076e-01
9.770000000000000000e+02 8.559946550330466142e-01
9.780000000000000000e+02 8.561214780987412842e-01
9.790000000000000000e+02 8.562490459599920722e-01
9.800000000000000000e+02 8.563773626182724641e-01
9.810000000000000000e+02 8.565064320696885725e-01
9.820000000000000000e+02 8.566362583037567813e-01
9.830000000000000000e+02 8.567668453051503485e-01
9.840000000000000000e+02 8.568981970531058812e-01
9.850000000000000000e+02 8.570303175206309687e-01
9.860000000000000000e+02 8.571632106756780223e-01
9.870000000000000000e+02 8.572968804800902287e-01
9.880000000000000000e+02 8.574313308903902531e-01
9.890000000000000000e+02 8.575665658582557471e-01
9.900000000000000000e+02 8.577025893295794345e-01
9.910000000000000000e+02 8.578394052440940776e-01
9.920000000000000000e+02 8.579770175362864126e-01
9.930000000000000000e+02 8.581154301362542425e-01
9.940000000000000000e+02 8.582546469676447520e-01
9.950000000000000000e+02 8.583946719486268417e-01
9.960000000000000000e+02 8.585355089930691852e-01
9.970000000000000000e+02 8.586771620085211776e-01
9.980000000000000000e+02 8.588196348972517713e-01
9.990000000000000000e+02 8.589629315565714407e-01
1.000000000000000000e+03 8.591005919754457487e-01
1.001000000000000000e+03 8.592083361785285422e-01
1.002000000000000000e+03 8.592920663491581124e-01
1.003000000000000000e+03 8.593755731193520875e-01
1.004000000000000000e+03 8.594588569923981014e-01
1.005000000000000000e+03 8.595419184686259317e-01
1.006000000000000000e+03 8.596247580448576064e-01
1.007000000000000000e+03 8.597073762169833433e-01
1.008000000000000000e+03 8.597897734776188683e-01
1.009000000000000000e+03 8.598719503170135781e-01
1.010000000000000000e+03 8.599539072224904324e-01
1.011000000000000000e+03 8.600356446795565102e-01
1.012000000000000000e+03 8.601171631717444699e-01
1.013000000000000000e+03 8.601984631782891855e-01
1.014000000000000000e+03 8.602795408345272898e-01
1.015000000000000000e+03 8.603603758602366147e-01
1.016000000000000000e+03 8.604409483426664895e-01
1.017000000000000000e+03 8.605212546937215379e-01
1.018000000000000000e+03 8.606012951778609921e-01
1.019000000000000000e+03 8.606810700580089790e-01
1.020000000000000000e+03 8.607605795940704851e-01
1.021000000000000000e+03 8.608398240428707382e-01
1.022000000000000000e+03 8.609188036597384963e-01
1.023000000000000000e+03 8.609975186972820271e-01
1.024000000000000000e+03 8.610759694053223834e-01
1.025000000000000000e+03 8.611541560310967958e-01
1.026000000000000000e+03 8.612320788202967314e-01
1.027000000000000000e+03 8.613097380156822247e-01
1.028000000000000000e+03 8.613871338570718850e-01
1.029000000000000000e+03 8.614642665829289614e-01
1.030000000000000000e+03 8.615411364287555163e-01
1.031000000000000000e+03 8.616177436277702162e-01
1.032000000000000000e+03 8.616940884106826237e-01
1.033000000000000000e+03 8.617701710062333209e-01
1.034000000000000000e+03 8.618459916408232058e-01
1.035000000000000000e+03 8.619215505380667386e-01
1.036000000000000000e+03 8.619968479198891753e-01
1.037000000000000000e+03 8.620718840056538212e-01
1.038000000000000000e+03 8.621466590123395557e-01
1.039000000000000000e+03 8.622211731547182456e-01
1.040000000000000000e+03 8.622954266453893846e-01
1.041000000000000000e+03 8.623694196950255630e-01
1.042000000000000000e+03 8.624431525116192931e-01
1.043000000000000000e+03 8.625166253010068118e-01
1.044000000000000000e+03 8.625898382669636710e-01
1.045000000000000000e+03 8.626627916111581085e-01
1.046000000000000000e+03 8.627354855329534278e-01
1.047000000000000000e+03 8.628079202293552630e-01
1.048000000000000000e+03 8.628800958957445477e-01
1.049000000000000000e+03 8.629520127248113681e-01
1.050000000000000000e+03 8.630236709075751467e-01
1.051000000000000000e+03 8.630950706326715460e-01
1.052000000000000000e+03 8.631662120866459009e-01
1.053000000000000000e+03 8.632370954540319330e-01
1.054000000000000000e+03 8.633077209173523059e-01
1.055000000000000000e+03 8.633780886569740742e-01
1.056000000000000000e+03 8.634481988508101447e-01
1.057000000000000000e+03 8.635180516757072766e-01
1.058000000000000000e+03 8.635876473056817160e-01
1.059000000000000000e+03 8.636569859124906268e-01
1.060000000000000000e+03 8.637260713391231581e-01
1.061000000000000000e+03 8.637949221898407748e-01
1.062000000000000000e+03 8.638635572575780186e-01
1.063000000000000000e+03 8.639319807379157723e-01
1.064000000000000000e+03 8.640001931567868887e-01
1.065000000000000000e+03 8.640681950375078690e-01
1.066000000000000000e+03 8.641359869020845963e-01
1.067000000000000000e+03 8.642035692706554473e-01
1.068000000000000000e+03 8.642709426598779165e-01
1.069000000000000000e+03 8.643381075855027795e-01
1.070000000000000000e+03 8.644050645612108008e-01
1.071000000000000000e+03 8.644718140982627919e-01
1.072000000000000000e+03 8.645383567059029550e-01
1.073000000000000000e+03 8.646046928914558061e-01
1.074000000000000000e+03 8.646708231605043649e-01
1.075000000000000000e+03 8.647367480156958885e-01
1.076000000000000000e+03 8.648024679588088848e-01
1.077000000000000000e+03 8.648679834889488882e-01
1.078000000000000000e+03 8.649332951032452366e-01
1.079000000000000000e+03 8.649984032972476422e-01
1.080000000000000000e+03 8.650633085637119413e-01
1.081000000000000000e+03 8.651280113941415273e-01
1.082000000000000000e+03 8.651925122782604394e-01
1.083000000000000000e+03 8.652568225998292784e-01
1.084000000000000000e+03 8.653209936964993965e-01
1.085000000000000000e+03 8.653850753814387176e-01
1.086000000000000000e+03 8.654490777027447068e-01
1.087000000000000000e+03 8.655130015977098301e-01
1.088000000000000000e+03 8.655768480003076526e-01
1.089000000000000000e+03 8.656406178431242937e-01
1.090000000000000000e+03 8.657043120575895756e-01
1.091000000000000000e+03 8.657679315727203617e-01
1.092000000000000000e+03 8.658314773151839505e-01
1.093000000000000000e+03 8.658949502106928486e-01
1.094000000000000000e+03 8.659583511827397828e-01
1.095000000000000000e+03 8.660216811525761615e-01
1.096000000000000000e+03 8.660849410399013015e-01
1.097000000000000000e+03 8.661481317630026489e-01
1.098000000000000000e+03 8.662112542377067292e-01
1.099000000000000000e+03 8.662743093775863157e-01
1.100000000000000000e+03 8.663372980956032254e-01
1.101000000000000000e+03 8.664002213020177701e-01
1.102000000000000000e+03 8.664630799053094634e-01
1.103000000000000000e+03 8.665258748121470456e-01
1.104000000000000000e+03 8.665886069275143821e-01
1.105000000000000000e+03 8.666512771545969995e-01
1.106000000000000000e+03 8.667138863943429916e-01
1.107000000000000000e+03 8.667764355462277415e-01
1.108000000000000000e+03 8.668389255078912115e-01
1.109000000000000000e+03 8.669013571746938540e-01
1.110000000000000000e+03 8.669637314408821238e-01
1.111000000000000000e+03 8.670260491986577778e-01
1.112000000000000000e+03 8.670883113375570383e-01
1.113000000000000000e+03 8.671505187461883146e-01
1.114000000000000000e+03 8.672126723116165836e-01
1.115000000000000000e+03 8.672747729184142607e-01
1.116000000000000000e+03 8.673368214492556127e-01
1.117000000000000000e+03 8.673988187852701426e-01
1.118000000000000000e+03 8.674607658058234305e-01
1.119000000000000000e+03 8.675226633887868077e-01
1.120000000000000000e+03 8.675845124096532857e-01
1.121000000000000000e+03 8.676463137418838345e-01
1.122000000000000000e+03 8.677080682580827764e-01
1.123000000000000000e+03 8.677697768287766511e-01
1.124000000000000000e+03 8.678314403220976914e-01
1.125000000000000000e+03 8.678930596048703983e-01
1.126000000000000000e+03 8.679546355420473258e-01
1.127000000000000000e+03 8.680161689968005634e-01
1.128000000000000000e+03 8.680776604420284981e-01
1.129000000000000000e+03 8.681390880813089073e-01
1.130000000000000000e+03 8.682003964361723058e-01
1.131000000000000000e+03 8.682615492147183200e-01
1.132000000000000000e+03 8.683225439935360335e-01
1.133000000000000000e+03 8.683833811969184913e-01
1.134000000000000000e+03 8.684440612476519439e-01
1.135000000000000000e+03 8.685045845656625962e-01
1.136000000000000000e+03 8.685649515699560563e-01
1.137000000000000000e+03 8.686251626780249202e-01
1.138000000000000000e+03 8.686852183054208920e-01
1.139000000000000000e+03 8.687451188657450141e-01
1.140000000000000000e+03 8.688048647709791794e-01
1.141000000000000000e+03 8.688644564321647001e-01
1.142000000000000000e+03 8.689238942579364799e-01
1.143000000000000000e+03 8.689831786553660065e-01
1.144000000000000000e+03 8.690423100297758330e-01
1.145000000000000000e+03 8.691012887855000812e-01
1.146000000000000000e+03 8.691601153246639733e-01
1.147000000000000000e+03 8.692187900476809892e-01
1.148000000000000000e+03 8.692773133537522456e-01
1.149000000000000000e+03 8.693356856398960497e-01
1.150000000000000000e+03 8.693939073023111419e-01
1.151000000000000000e+03 8.694519787354026974e-01
1.152000000000000000e+03 8.695099003310573504e-01
1.153000000000000000e+03 8.695676724798333534e-01
1.154000000000000000e+03 8.696252955724252942e-01
1.155000000000000000e+03 8.696827699961396929e-01
1.156000000000000000e+03 8.697400961366069660e-01
1.157000000000000000e+03 8.697972743791583250e-01
1.158000000000000000e+03 8.698543051064226983e-01
1.159000000000000000e+03 8.699111887003141419e-01
1.160000000000000000e+03 8.699679255407647416e-01
1.161000000000000000e+03 8.700245160057729077e-01
1.162000000000000000e+03 8.700809604729597968e-01
1.163000000000000000e+03 8.701372593173160030e-01
1.164000000000000000e+03 8.701934129125770134e-01
1.165000000000000000e+03 8.702494216310046049e-01
1.166000000000000000e+03 8.703052858437914097e-01
1.167000000000000000e+03 8.703610059203021887e-01
1.168000000000000000e+03 8.704165822278455700e-01
1.169000000000000000e+03 8.704720151329712330e-01
1.170000000000000000e+03 8.705273050007955593e-01
1.171000000000000000e+03 8.705824521942312488e-01
1.172000000000000000e+03 8.706374570753750985e-01
1.173000000000000000e+03 8.706923200045557643e-01
1.174000000000000000e+03 8.707470413404585496e-01
1.175000000000000000e+03 8.708016214414313616e-01
1.176000000000000000e+03 8.708560606623428901e-01
1.177000000000000000e+03 8.709103593580631575e-01
1.178000000000000000e+03 8.709645178822293943e-01
1.179000000000000000e+03 8.710185365862724849e-01
1.180000000000000000e+03 8.710724158203568823e-01
1.181000000000000000e+03 8.711261559333176585e-01
1.182000000000000000e+03 8.711797572723235517e-01
1.183000000000000000e+03 8.712332201835431000e-01
1.184000000000000000e+03 8.712865450119910982e-01
1.185000000000000000e+03 8.713397321003532037e-01
1.186000000000000000e+03 8.713927817906669260e-01
1.187000000000000000e+03 8.714456944228665680e-01
1.188000000000000000e+03 8.714984703364707652e-01
1.189000000000000000e+03 8.715511098693065062e-01
1.190000000000000000e+03 8.716036133565955302e-01
1.191000000000000000e+03 8.716559811338531194e-01
1.192000000000000000e+03 8.717082135350501249e-01
1.193000000000000000e+03 8.717603108917836296e-01
1.194000000000000000e+03 8.718122735345962271e-01
1.195000000000000000e+03 8.718641017935553350e-01
1.196000000000000000e+03 8.719157959965792015e-01
1.197000000000000000e+03 8.719673564701013735e-01
1.198000000000000000e+03 8.720187835403061527e-01
1.199000000000000000e+03 8.720700775305940677e-01
1.200000000000000000e+03 8.721212387636622099e-01
1.201000000000000000e+03 8.721722675614197451e-01
1.202000000000000000e+03 8.722231642443351030e-01
1.203000000000000000e+03 8.722739291307718412e-01
1.204000000000000000e+03 8.723245625382255453e-01
1.205000000000000000e+03 8.723750647833317107e-01
1.206000000000000000e+03 8.724254361804337776e-01
1.207000000000000000e+03 8.724756770438772957e-01
1.208000000000000000e+03 8.725257876861001183e-01
1.209000000000000000e+03 8.725757684178172546e-01
1.210000000000000000e+03 8.726256195488821810e-01
1.211000000000000000e+03 8.726753413882871735e-01
1.212000000000000000e+03 8.727249342430989376e-01
1.213000000000000000e+03 8.727743984194150650e-01
1.214000000000000000e+03 8.728237342224577366e-01
1.215000000000000000e+03 8.728729419553065139e-01
1.216000000000000000e+03 8.729220219203411846e-01
1.217000000000000000e+03 8.729709744188477449e-01
1.218000000000000000e+03 8.730197997511063290e-01
1.219000000000000000e+03 8.730684982154033325e-01
1.220000000000000000e+03 8.731170701088947217e-01
1.221000000000000000e+03 8.731655157284757829e-01
1.222000000000000000e+03 8.732138353684163468e-01
1.223000000000000000e+03 8.732620293231875275e-01
1.224000000000000000e+03 8.733100978852886831e-01
1.225000000000000000e+03 8.733580413458155167e-01
1.226000000000000000e+03 8.734058599957256197e-01
1.227000000000000000e+03 8.734535541232528733e-01
1.228000000000000000e+03 8.735011240165521107e-01
1.229000000000000000e+03 8.735485699622966838e-01
1.230000000000000000e+03 8.735958922461500853e-01
1.231000000000000000e+03 8.736430911528451082e-01
1.232000000000000000e+03 8.736901669648617919e-01
1.233000000000000000e+03 8.737371199640945330e-01
1.234000000000000000e+03 8.737839504325319862e-01
1.235000000000000000e+03 8.738306586491284556e-01
1.236000000000000000e+03 8.738772448923747271e-01
1.237000000000000000e+03 8.739237094401727246e-01
1.238000000000000000e+03 8.739700525686003862e-01
1.239000000000000000e+03 8.740162745528855526e-01
1.240000000000000000e+03 8.740623756670720113e-01
1.241000000000000000e+03 8.741083561841890281e-01
1.242000000000000000e+03 8.741542163761174544e-01
1.243000000000000000e+03 8.741999565136551187e-01
1.244000000000000000e+03 8.742455768660758464e-01
1.245000000000000000e+03 8.742910777022090407e-01
1.246000000000000000e+03 8.743364592891839093e-01
1.247000000000000000e+03 8.743817218937142144e-01
1.248000000000000000e+03 8.744268657809384226e-01
1.249000000000000000e+03 8.744718912147855239e-01
1.250000000000000000e+03 8.745167984583432919e-01
1.251000000000000000e+03 8.745615877738193156e-01
1.252000000000000000e+03 8.746062594222924202e-01
1.253000000000000000e+03 8.746508136629447261e-01
1.254000000000000000e+03 8.746952507553904521e-01
1.255000000000000000e+03 8.747395709569466549e-01
1.256000000000000000e+03 8.747837745238237206e-01
1.257000000000000000e+03 8.748278617127386303e-01
1.258000000000000000e+03 8.748718327774445136e-01
1.259000000000000000e+03 8.749156879716885049e-01
1.260000000000000000e+03 8.749594275482309724e-01
1.261000000000000000e+03 8.750030517582708667e-01
1.262000000000000000e+03 8.750465608525417327e-01
1.263000000000000000e+03 8.750899550798990623e-01
1.264000000000000000e+03 8.751332346890464686e-01
1.265000000000000000e+03 8.751763999278560080e-01
1.266000000000000000e+03 8.752194510423650931e-01
1.267000000000000000e+03 8.752623882773460373e-01
1.268000000000000000e+03 8.753052118777285839e-01
1.269000000000000000e+03 8.753479220869613275e-01
1.270000000000000000e+03 8.753905191471598179e-01
1.271000000000000000e+03 8.754330032998949296e-01
1.272000000000000000e+03 8.754753747852838108e-01
1.273000000000000000e+03 8.755176338429893068e-01
1.274000000000000000e+03 8.755597807114156028e-01
1.275000000000000000e+03 8.756018156275339193e-01
1.276000000000000000e+03 8.756437388282071188e-01
1.277000000000000000e+03 8.756855505492738834e-01
1.278000000000000000e+03 8.757272510247289254e-01
1.279000000000000000e+03 8.757688404882628674e-01
1.280000000000000000e+03 8.758103191724460057e-01
1.281000000000000000e+03 8.758516873089813304e-01
1.282000000000000000e+03 8.758929451289598767e-01
1.283000000000000000e+03 8.759340928614937072e-01
1.284000000000000000e+03 8.759751307358047967e-01
1.285000000000000000e+03 8.760160589800758402e-01
1.286000000000000000e+03 8.760568778205052309e-01
1.287000000000000000e+03 8.760975874831862242e-01
1.288000000000000000e+03 8.761381881941481264e-01
1.289000000000000000e+03 8.761786801771009880e-01
1.290000000000000000e+03 8.762190636544430200e-01
1.291000000000000000e+03 8.762593388494828162e-01
1.292000000000000000e+03 8.762995059839594481e-01
1.293000000000000000e+03 8.763395652770782362e-01
1.294000000000000000e+03 8.763795169496049198e-01
1.295000000000000000e+03 8.764193612200522621e-01
1.296000000000000000e+03 8.764590983054718620e-01
1.297000000000000000e+03 8.764987284235820075e-01
1.298000000000000000e+03 8.765382517901457726e-01
1.299000000000000000e+03 8.765776686205454249e-01
1.300000000000000000e+03 8.766169791286995139e-01
1.301000000000000000e+03 8.766561835279761405e-01
1.302000000000000000e+03 8.766952820313309580e-01
1.303000000000000000e+03 8.767342748502197081e-01
1.304000000000000000e+03 8.767731621949509391e-01
1.305000000000000000e+03 8.768119442760529125e-01
1.306000000000000000e+03 8.768506213023961049e-01
1.307000000000000000e+03 8.768891934815463696e-01
1.308000000000000000e+03 8.769276610214712386e-01
1.309000000000000000e+03 8.769660241289916058e-01
1.310000000000000000e+03 8.770042830091218100e-01
1.311000000000000000e+03 8.770424378663261855e-01
1.312000000000000000e+03 8.770804889054457654e-01
1.313000000000000000e+03 8.771184363292295894e-01
1.314000000000000000e+03 8.771562803393657681e-01
1.315000000000000000e+03 8.771940211377476926e-01
1.316000000000000000e+03 8.772316589253587038e-01
1.317000000000000000e+03 8.772691939017168705e-01
1.318000000000000000e+03 8.773066262655697667e-01
1.319000000000000000e+03 8.773439562152535176e-01
1.320000000000000000e+03 8.773811839479070951e-01
1.321000000000000000e+03 8.774183096601705367e-01
1.322000000000000000e+03 8.774553335478559868e-01
1.323000000000000000e+03 8.774922558058430022e-01
1.324000000000000000e+03 8.775290766280898769e-01
1.325000000000000000e+03 8.775657962077585417e-01
1.326000000000000000e+03 8.776024147378027607e-01
1.327000000000000000e+03 8.776389324095916766e-01
1.328000000000000000e+03 8.776753494139581946e-01
1.329000000000000000e+03 8.777116659416718258e-01
1.330000000000000000e+03 8.777478821815912768e-01
1.331000000000000000e+03 8.777839983221774611e-01
1.332000000000000000e+03 8.778200145512701225e-01
1.333000000000000000e+03 8.778559310562104034e-01
1.334000000000000000e+03 8.778917480231468451e-01
1.335000000000000000e+03 8.779274656375054553e-01
1.336000000000000000e+03 8.779630840838766881e-01
1.337000000000000000e+03 8.779986035463712701e-01
1.338000000000000000e+03 8.780340242083891633e-01
1.339000000000000000e+03 8.780693462521512727e-01
1.340000000000000000e+03 8.781045698589332593e-01
1.341000000000000000e+03 8.781396952101306885e-01
1.342000000000000000e+03 8.781747224864364654e-01
1.343000000000000000e+03 8.782096518665353235e-01
1.344000000000000000e+03 8.782444835294718199e-01
1.345000000000000000e+03 8.782792176529896633e-01
1.346000000000000000e+03 8.783138544143609394e-01
1.347000000000000000e+03 8.783483939905050164e-01
1.348000000000000000e+03 8.783828365569120722e-01
1.349000000000000000e+03 8.784171822888319214e-01
1.350000000000000000e+03 8.784514313600751967e-01
1.351000000000000000e+03 8.784855839446827908e-01
1.352000000000000000e+03 8.785196402153662154e-01
1.353000000000000000e+03 8.785536003445801878e-01
1.354000000000000000e+03 8.785874645041580333e-01
1.355000000000000000e+03 8.786212328636147095e-01
1.356000000000000000e+03 8.786549055938766006e-01
1.357000000000000000e+03 8.786884828641404743e-01
1.358000000000000000e+03 8.787219648431909835e-01
1.359000000000000000e+03 8.787553516986653657e-01
1.360000000000000000e+03 8.787886435982563693e-01
1.361000000000000000e+03 8.788218407082460937e-01
1.362000000000000000e+03 8.788549556072678959e-01
1.363000000000000000e+03 8.788880927628104356e-01
1.364000000000000000e+03 8.789213858298764448e-01
1.365000000000000000e+03 8.789548771072892563e-01
1.366000000000000000e+03 8.789885677401395592e-01
1.367000000000000000e+03 8.790224586771565596e-01
1.368000000000000000e+03 8.790565508662534500e-01
1.369000000000000000e+03 8.790908452557478769e-01
1.370000000000000000e+03 8.791253427907750329e-01
1.371000000000000000e+03 8.791600444161004058e-01
1.372000000000000000e+03 8.791949510758598763e-01
1.373000000000000000e+03 8.792300637121819307e-01
1.374000000000000000e+03 8.792653832669006242e-01
1.375000000000000000e+03 8.793009106799263286e-01
1.376000000000000000e+03 8.793366468910889244e-01
1.377000000000000000e+03 8.793725928377547074e-01
1.378000000000000000e+03 8.794087494569203800e-01
1.379000000000000000e+03 8.794451176854467533e-01
1.380000000000000000e+03 8.794816984567883633e-01
1.381000000000000000e+03 8.795184927050931911e-01
1.382000000000000000e+03 8.795555013633099550e-01
1.383000000000000000e+03 8.795927253621571573e-01
1.384000000000000000e+03 8.796301656322331741e-01
1.385000000000000000e+03 8.796678231026118233e-01
1.386000000000000000e+03 8.797056987016985685e-01
1.387000000000000000e+03 8.797437933563232448e-01
1.388000000000000000e+03 8.797821079919639908e-01
1.389000000000000000e+03 8.798206435339885889e-01
1.390000000000000000e+03 8.798594009063637200e-01
1.391000000000000000e+03 8.798983810309888298e-01
1.392000000000000000e+03 8.799375848291924873e-01
1.393000000000000000e+03 8.799770132224715713e-01
1.394000000000000000e+03 8.800166671295333032e-01
1.395000000000000000e+03 8.800565169431590062e-01
1.396000000000000000e+03 8.800963865498923067e-01
1.397000000000000000e+03 8.801360859043190210e-01
1.398000000000000000e+03 8.801755709875532796e-01
1.399000000000000000e+03 8.802148415576264151e-01
1.400000000000000000e+03 8.802538973800059230e-01
1.401000000000000000e+03 8.802927382197435202e-01
1.402000000000000000e+03 8.803313638405391162e-01
1.403000000000000000e+03 8.803697740074206690e-01
1.404000000000000000e+03 8.804079684845197429e-01
1.405000000000000000e+03 8.804459470343856120e-01
1.406000000000000000e+03 8.804837094208043391e-01
1.407000000000000000e+03 8.805212554069524744e-01
1.408000000000000000e+03 8.805585847547098277e-01
1.409000000000000000e+03 8.805956972257918958e-01
1.410000000000000000e+03 8.806325925830259527e-01
1.411000000000000000e+03 8.806692705874417104e-01
1.412000000000000000e+03 8.807057309998003181e-01
1.413000000000000000e+03 8.807419735813452055e-01
1.414000000000000000e+03 8.807779980920611429e-01
1.415000000000000000e+03 8.808138042924741340e-01
1.416000000000000000e+03 8.808493919419035922e-01
1.417000000000000000e+03 8.808847608005319074e-01
1.418000000000000000e+03 8.809199106267273649e-01
1.419000000000000000e+03 8.809548411792456069e-01
1.420000000000000000e+03 8.809895522175935634e-01
1.421000000000000000e+03 8.810240434990717073e-01
1.422000000000000000e+03 8.810583147815151950e-01
1.423000000000000000e+03 8.810923658224574240e-01
1.424000000000000000e+03 8.811261963796217511e-01
1.425000000000000000e+03 8.811598062095470363e-01
1.426000000000000000e+03 8.811931950692767357e-01
1.427000000000000000e+03 8.812263627149813372e-01
1.428000000000000000e+03 8.812593089017761727e-01
1.429000000000000000e+03 8.812920333862243050e-01
1.430000000000000000e+03 8.813245359241502763e-01
1.431000000000000000e+03 8.813568162700541331e-01
1.432000000000000000e+03 8.813888741786751746e-01
1.433000000000000000e+03 8.814207094042743051e-01
1.434000000000000000e+03 8.814523217020744372e-01
1.435000000000000000e+03 8.814837108257828069e-01
1.436000000000000000e+03 8.815148765282121435e-01
1.437000000000000000e+03 8.815458185638098687e-01
1.438000000000000000e+03 8.815765366850848439e-01
1.439000000000000000e+03 8.816070306451357919e-01
1.440000000000000000e+03 8.816373001962416467e-01
1.441000000000000000e+03 8.816673450907651644e-01
1.442000000000000000e+03 8.816971650815143002e-01
1.443000000000000000e+03 8.817267599190933280e-01
1.444000000000000000e+03 8.817561293552665935e-01
1.445000000000000000e+03 8.817852731415432022e-01
1.446000000000000000e+03 8.818141910288485041e-01
1.447000000000000000e+03 8.818428827674696935e-01
1.448000000000000000e+03 8.818713481081025263e-01
1.449000000000000000e+03 8.818995868012488026e-01
1.450000000000000000e+03 8.819275985963335174e-01
1.451000000000000000e+03 8.819553832426125783e-01
1.452000000000000000e+03 8.819829404903669623e-01
1.453000000000000000e+03 8.820102700882164193e-01
1.454000000000000000e+03 8.820373717848615236e-01
1.455000000000000000e+03 8.820642453297251606e-01
1.456000000000000000e+03 8.820908904705309084e-01
1.457000000000000000e+03 8.821173069553308599e-01
1.458000000000000000e+03 8.821434945320311138e-01
1.459000000000000000e+03 8.821694529491740377e-01
1.460000000000000000e+03 8.821951819532207750e-01
1.461000000000000000e+03 8.822206812911467244e-01
1.462000000000000000e+03 8.822459507108095789e-01
1.463000000000000000e+03 8.822709899583608406e-01
1.464000000000000000e+03 8.822957987801491875e-01
1.465000000000000000e+03 8.823203769228031845e-01
1.466000000000000000e+03 8.823447241321830115e-01
1.467000000000000000e+03 8.823688401535976222e-01
1.468000000000000000e+03 8.823927247328747780e-01
1.469000000000000000e+03 8.824163803671867257e-01
1.470000000000000000e+03 8.824398728986158069e-01
1.471000000000000000e+03 8.824633290541591402e-01
1.472000000000000000e+03 8.824868152881152339e-01
1.473000000000000000e+03 8.825103347337762694e-01
1.474000000000000000e+03 8.825338877665567239e-01
1.475000000000000000e+03 8.825574747622647598e-01
1.476000000000000000e+03 8.825810960966111729e-01
1.477000000000000000e+03 8.826047521438550314e-01
1.478000000000000000e+03 8.826284432775919342e-01
1.479000000000000000e+03 8.826521698716937037e-01
1.480000000000000000e+03 8.826759322986612588e-01
1.481000000000000000e+03 8.826997309298380001e-01
1.482000000000000000e+03 8.827235661375060216e-01
1.483000000000000000e+03 8.827474382920758034e-01
1.484000000000000000e+03 8.827713477640378725e-01
1.485000000000000000e+03 8.827952949233158764e-01
1.486000000000000000e+03 8.828192801384687760e-01
1.487000000000000000e+03 8.828433037779249704e-01
1.488000000000000000e+03 8.828673662102040076e-01
1.489000000000000000e+03 8.828914678025366891e-01
1.490000000000000000e+03 8.829156089204954760e-01
1.491000000000000000e+03 8.829397899312788622e-01
1.492000000000000000e+03 8.829640112005759933e-01
1.493000000000000000e+03 8.829882730923417355e-01
1.494000000000000000e+03 8.830125759716497269e-01
1.495000000000000000e+03 8.830369202027195108e-01
1.496000000000000000e+03 8.830613061473654435e-01
1.497000000000000000e+03 8.830857341687435857e-01
1.498000000000000000e+03 8.831102046301071429e-01
1.499000000000000000e+03 8.831347178917779983e-01
1.500000000000000000e+03 8.837357578561871874e-01
