2.000000000000000000e+02 -3.729068630093671288e+01
2.010000000000000000e+02 -3.493433118096046286e+01
2.020000000000000000e+02 -3.261955424968534345e+01
2.030000000000000000e+02 -3.034325725188485379e+01
2.040000000000000000e+02 -2.810250489074097757e+01
2.050000000000000000e+02 -2.589451905650953734e+01
2.060000000000000000e+02 -2.371667286413934406e+01
2.070000000000000000e+02 -2.156652761818561359e+01
2.080000000000000000e+02 -1.944342168952539041e+01
2.090000000000000000e+02 -1.734878763901839704e+01
2.100000000000000000e+02 -1.528403803115464044e+01
2.110000000000000000e+02 -1.325042771357943749e+01
2.120000000000000000e+02 -1.124906438786143248e+01
2.130000000000000000e+02 -9.280919102849120250e+00
2.140000000000000000e+02 -7.346826293824052279e+00
2.150000000000000000e+02 -5.442710410769423746e+00
2.160000000000000000e+02 -3.560779645653902481e+00
2.170000000000000000e+02 -1.699908984890239338e+00
2.180000000000000000e+02 1.407158319811723235e-01
2.190000000000000000e+02 1.961884368600438355e+00
2.200000000000000000e+02 3.764362127426189364e+00
2.210000000000000000e+02 5.548891162244379061e+00
2.220000000000000000e+02 7.316190664500754615e+00
2.230000000000000000e+02 9.066957520955627459e+00
2.240000000000000000e+02 1.080186684063258440e+01
2.250000000000000000e+02 1.252157244944278425e+01
2.260000000000000000e+02 1.422670735120665420e+01
2.270000000000000000e+02 1.591788427885169988e+01
2.280000000000000000e+02 1.759571079753794720e+01
2.290000000000000000e+02 1.926080220308618962e+01
2.300000000000000000e+02 2.091375493756540749e+01
2.310000000000000000e+02 2.255513842593969542e+01
2.320000000000000000e+02 2.418546160177552551e+01
2.330000000000000000e+02 2.580519734709554669e+01
2.340000000000000000e+02 2.741480159440115472e+01
2.350000000000000000e+02 2.901471345961660120e+01
2.360000000000000000e+02 3.060535523746249709e+01
2.370000000000000000e+02 3.218713235934336581e+01
2.380000000000000000e+02 3.376043344315556283e+01
2.390000000000000000e+02 3.532567130797438892e+01
2.400000000000000000e+02 3.688333844521176985e+01
2.410000000000000000e+02 3.843388643112661640e+01
2.420000000000000000e+02 3.997764019670082547e+01
2.430000000000000000e+02 4.151488574874799298e+01
2.440000000000000000e+02 4.304589235936234815e+01
2.450000000000000000e+02 4.457091217421614715e+01
2.460000000000000000e+02 4.609017977470107041e+01
2.470000000000000000e+02 4.760391169153624702e+01
2.480000000000000000e+02 4.911230586701216083e+01
2.490000000000000000e+02 5.061554217369376829e+01
2.500000000000000000e+02 5.211379090083273269e+01
2.510000000000000000e+02 5.360720708998999839e+01
2.520000000000000000e+02 5.509592422428664094e+01
2.530000000000000000e+02 5.658005344355684940e+01
2.540000000000000000e+02 5.805968273302234195e+01
2.550000000000000000e+02 5.953487601860529566e+01
2.560000000000000000e+02 6.100567215648693775e+01
2.570000000000000000e+02 6.247208380197023558e+01
2.580000000000000000e+02 6.393409613956914228e+01
2.590000000000000000e+02 6.539166545246757778e+01
2.600000000000000000e+02 6.684471750485569430e+01
2.610000000000000000e+02 6.829314570499623471e+01
2.620000000000000000e+02 6.973680900991926990e+01
2.630000000000000000e+02 7.117552952407766043e+01
2.640000000000000000e+02 7.260908973368881902e+01
2.650000000000000000e+02 7.403722930530740598e+01
2.660000000000000000e+02 7.545963823334768961e+01
2.670000000000000000e+02 7.687593224573525674e+01
2.680000000000000000e+02 7.828565968730572422e+01
2.690000000000000000e+02 7.968830534662374987e+01
2.700000000000000000e+02 8.108328300964099355e+01
2.710000000000000000e+02 8.246994055726585771e+01
2.720000000000000000e+02 8.384757679201771907e+01
2.730000000000000000e+02 8.521539706844784234e+01
2.740000000000000000e+02 8.657249108950747996e+01
2.750000000000000000e+02 8.791781438254429304e+01
2.760000000000000000e+02 8.925016117092650347e+01
2.770000000000000000e+02 9.056809856939814551e+01
2.780000000000000000e+02 9.186994631461604399e+01
2.790000000000000000e+02 9.315375299333378223e+01
2.800000000000000000e+02 9.441723815878356163e+01
2.810000000000000000e+02 9.565771950759106801e+01
2.820000000000000000e+02 9.687203743099517794e+01
2.830000000000000000e+02 9.805642190459977314e+01
2.840000000000000000e+02 9.920630867959205546e+01
2.850000000000000000e+02 1.003161107396707052e+02
2.860000000000000000e+02 1.013789055792848757e+02
2.870000000000000000e+02 1.023859994909913382e+02
2.880000000000000000e+02 1.033263089921540399e+02
2.890000000000000000e+02 1.041854639958687159e+02
2.900000000000000000e+02 1.049444755033388645e+02
2.910000000000000000e+02 1.055776944219123124e+02
2.920000000000000000e+02 1.060496232387051521e+02
2.930000000000000000e+02 1.063097288395709370e+02
2.940000000000000000e+02 1.062836383948993273e+02
2.950000000000000000e+02 1.058575079095128189e+02
2.960000000000000000e+02 1.048487443303951494e+02
2.970000000000000000e+02 1.029477593841348835e+02
2.980000000000000000e+02 9.959455715064270009e+01
2.990000000000000000e+02 9.370472991516587058e+01
3.000000000000000000e+02 8.309547194393176994e+01
3.010000000000000000e+02 6.415125181713780478e+01
3.020000000000000000e+02 3.621797160228395285e+01
3.030000000000000000e+02 1.035637520160633152e+01
3.040000000000000000e+02 -5.725355760838187535e+00
3.050000000000000000e+02 -1.469130118289978881e+01
3.060000000000000000e+02 -1.978891489694354178e+01
3.070000000000000000e+02 -2.276994656610371592e+01
3.080000000000000000e+02 -2.451633564564421874e+01
3.090000000000000000e+02 -2.549493128094244199e+01
3.100000000000000000e+02 -2.596966017184607622e+01
3.110000000000000000e+02 -2.609847301357395466e+01
3.120000000000000000e+02 -2.597966744844744014e+01
3.130000000000000000e+02 -2.567828529273483440e+01
3.140000000000000000e+02 -2.523926603622552989e+01
3.150000000000000000e+02 -2.469462014691890772e+01
3.160000000000000000e+02 -2.406775571173424666e+01
3.170000000000000000e+02 -2.337618624001027001e+01
3.180000000000000000e+02 -2.263328088254925419e+01
3.190000000000000000e+02 -2.184942817136415272e+01
3.200000000000000000e+02 -2.103282934070478305e+01
3.210000000000000000e+02 -2.019007206553588674e+01
3.220000000000000000e+02 -1.932655669267175114e+01
3.230000000000000000e+02 -1.844667802274328494e+01
3.240000000000000000e+02 -1.755402615335106375e+01
3.250000000000000000e+02 -1.665155799741917519e+01
3.260000000000000000e+02 -1.574172664632542151e+01
3.270000000000000000e+02 -1.482658019646170011e+01
3.280000000000000000e+02 -1.390783814182541889e+01
3.290000000000000000e+02 -1.298695107044521535e+01
3.300000000000000000e+02 -1.206514778549127875e+01
3.310000000000000000e+02 -1.114347144076635487e+01
3.320000000000000000e+02 -1.022279813627370615e+01
3.330000000000000000e+02 -9.303866572381798150e+00
3.340000000000000000e+02 -8.387304686880108662e+00
3.350000000000000000e+02 -7.473650822449185327e+00
3.360000000000000000e+02 -6.563391816512735844e+00
3.370000000000000000e+02 -5.656960292828449255e+00
3.380000000000000000e+02 -4.754733563337432578e+00
3.390000000000000000e+02 -3.857040800830395355e+00
3.400000000000000000e+02 -2.964169130030591237e+00
3.410000000000000000e+02 -2.076368131416364005e+00
3.420000000000000000e+02 -1.193846172625477431e+00
3.430000000000000000e+02 -3.167767022057208504e-01
3.440000000000000000e+02 5.546925467258407849e-01
3.450000000000000000e+02 1.420436514404926465e+00
3.460000000000000000e+02 2.280350273953943407e+00
3.470000000000000000e+02 3.134346781724836717e+00
3.480000000000000000e+02 3.982353524138170009e+00
3.490000000000000000e+02 4.824310263038411151e+00
3.500000000000000000e+02 5.660169364215328791e+00
3.510000000000000000e+02 6.489895364849072479e+00
3.520000000000000000e+02 7.313466075665482791e+00
3.530000000000000000e+02 8.130869367147004922e+00
3.540000000000000000e+02 8.942101444238694796e+00
3.550000000000000000e+02 9.747165953238047464e+00
3.560000000000000000e+02 1.054607318314291042e+01
3.570000000000000000e+02 1.133883935010148392e+01
3.580000000000000000e+02 1.212548595518082806e+01
3.590000000000000000e+02 1.290603920700267437e+01
3.600000000000000000e+02 1.368052950191814254e+01
3.610000000000000000e+02 1.444899095534924527e+01
3.620000000000000000e+02 1.524630102072800675e+01
3.630000000000000000e+02 1.612401150498459046e+01
3.640000000000000000e+02 1.707091841404592358e+01
3.650000000000000000e+02 1.807473074511491617e+01
3.660000000000000000e+02 1.912235185251614311e+01
3.670000000000000000e+02 2.019972577066134534e+01
3.680000000000000000e+02 2.129189815126688856e+01
3.690000000000000000e+02 2.238320042715091418e+01
3.700000000000000000e+02 2.345749256627814106e+01
3.710000000000000000e+02 2.450001293519852652e+01
3.720000000000000000e+02 2.550787479749168796e+01
3.730000000000000000e+02 2.648387755555804546e+01
3.740000000000000000e+02 2.743119869528700505e+01
3.750000000000000000e+02 2.835325908461142319e+01
3.760000000000000000e+02 2.925364328606882225e+01
3.770000000000000000e+02 3.013604241742653045e+01
3.780000000000000000e+02 3.100421411772466485e+01
3.790000000000000000e+02 3.186195578907415182e+01
3.800000000000000000e+02 3.271308839750819430e+01
3.810000000000000000e+02 3.356087199699707924e+01
3.820000000000000000e+02 3.440546156413234513e+01
3.830000000000000000e+02 3.524597687546893354e+01
3.840000000000000000e+02 3.608155016372342061e+01
3.850000000000000000e+02 3.691132534019621403e+01
3.860000000000000000e+02 3.773445647068955111e+01
3.870000000000000000e+02 3.855010630484164125e+01
3.880000000000000000e+02 3.935744487418536153e+01
3.890000000000000000e+02 4.015564817932872188e+01
3.900000000000000000e+02 4.094389699048685571e+01
3.910000000000000000e+02 4.172137767107540895e+01
3.920000000000000000e+02 4.248766053022485067e+01
3.930000000000000000e+02 4.324316501627559717e+01
3.940000000000000000e+02 4.398842146197611669e+01
3.950000000000000000e+02 4.472395579452003744e+01
3.960000000000000000e+02 4.545028957828763083e+01
3.970000000000000000e+02 4.616794013881712999e+01
3.980000000000000000e+02 4.687742075452842982e+01
3.990000000000000000e+02 4.757924090571046349e+01
4.000000000000000000e+02 4.827390657273526386e+01
4.010000000000000000e+02 4.896191640910865317e+01
4.020000000000000000e+02 4.964360049397582486e+01
4.030000000000000000e+02 5.031906849408965599e+01
4.040000000000000000e+02 5.098840947339099472e+01
4.050000000000000000e+02 5.165170647465225073e+01
4.060000000000000000e+02 5.230903651873003923e+01
4.070000000000000000e+02 5.296047080553101694e+01
4.080000000000000000e+02 5.360607537488291996e+01
4.090000000000000000e+02 5.424591132979107755e+01
4.100000000000000000e+02 5.488003500910898680e+01
4.110000000000000000e+02 5.550849815244144025e+01
4.120000000000000000e+02 5.613135231265163583e+01
4.130000000000000000e+02 5.674868864921493383e+01
4.140000000000000000e+02 5.736062000174382547e+01
4.150000000000000000e+02 5.796725548009425211e+01
4.160000000000000000e+02 5.856870031605069471e+01
4.170000000000000000e+02 5.916505603985140027e+01
4.180000000000000000e+02 5.975642064707123069e+01
4.190000000000000000e+02 6.034288875643023431e+01
4.200000000000000000e+02 6.092455175905170961e+01
4.210000000000000000e+02 6.150149399798951322e+01
4.220000000000000000e+02 6.207373838625498763e+01
4.230000000000000000e+02 6.264126209872182471e+01
4.240000000000000000e+02 6.320404145069873181e+01
4.250000000000000000e+02 6.376205300337034743e+01
4.260000000000000000e+02 6.431527349929933735e+01
4.270000000000000000e+02 6.486367980340850181e+01
4.280000000000000000e+02 6.540724884892185287e+01
4.290000000000000000e+02 6.594595758775447791e+01
4.300000000000000000e+02 6.647978294486863149e+01
4.310000000000000000e+02 6.700870177612613077e+01
4.320000000000000000e+02 6.753269082919092625e+01
4.330000000000000000e+02 6.805172670705647420e+01
4.340000000000000000e+02 6.856584837781174713e+01
4.350000000000000000e+02 6.907534284373819844e+01
4.360000000000000000e+02 6.958055429190979169e+01
4.370000000000000000e+02 7.008182136998446765e+01
4.380000000000000000e+02 7.057947745322992716e+01
4.390000000000000000e+02 7.107385106664810337e+01
4.400000000000000000e+02 7.156526617795691436e+01
4.410000000000000000e+02 7.205404244062717112e+01
4.420000000000000000e+02 7.254045115897230289e+01
4.430000000000000000e+02 7.302452178481644296e+01
4.440000000000000000e+02 7.350620374803659729e+01
4.450000000000000000e+02 7.398544745361154185e+01
4.460000000000000000e+02 7.446220429541487817e+01
4.470000000000000000e+02 7.493642661051381992e+01
4.480000000000000000e+02 7.540806763474989793e+01
4.490000000000000000e+02 7.587708145946346860e+01
4.500000000000000000e+02 7.634342330747249150e+01
4.510000000000000000e+02 7.680707367323446988e+01
4.520000000000000000e+02 7.726805465538669182e+01
4.530000000000000000e+02 7.772639180816881321e+01
4.540000000000000000e+02 7.818211009690112689e+01
4.550000000000000000e+02 7.863523391567298404e+01
4.560000000000000000e+02 7.908578710445149795e+01
4.570000000000000000e+02 7.953379296563137757e+01
4.580000000000000000e+02 7.997927428004715011e+01
4.590000000000000000e+02 8.042225332246620439e+01
4.600000000000000000e+02 8.086275187658324626e+01
4.610000000000000000e+02 8.130079124482331565e+01
4.620000000000000000e+02 8.173639224817637228e+01
4.630000000000000000e+02 8.216957525384908934e+01
4.640000000000000000e+02 8.260036019327181123e+01
4.650000000000000000e+02 8.302876657500372914e+01
4.660000000000000000e+02 8.345481467558285260e+01
4.670000000000000000e+02 8.387853079470124840e+01
4.680000000000000000e+02 8.429994313907315018e+01
4.690000000000000000e+02 8.471907972658999597e+01
4.700000000000000000e+02 8.513596841967594742e+01
4.710000000000000000e+02 8.555063689444686759e+01
4.720000000000000000e+02 8.596311264262416785e+01
4.730000000000000000e+02 8.637342297977454564e+01
4.740000000000000000e+02 8.678159505324703105e+01
4.750000000000000000e+02 8.718765584981605343e+01
4.760000000000000000e+02 8.759163220304274944e+01
4.770000000000000000e+02 8.799355080036298205e+01
4.780000000000000000e+02 8.839343818991385149e+01
4.790000000000000000e+02 8.879132078710667031e+01
4.800000000000000000e+02 8.918722488095738754e+01
4.810000000000000000e+02 8.958117664018273274e+01
4.820000000000000000e+02 8.997320211907218379e+01
4.830000000000000000e+02 9.036332666045932172e+01
4.840000000000000000e+02 9.075157216933537541e+01
4.850000000000000000e+02 9.113795912475622174e+01
4.860000000000000000e+02 9.152250765608845029e+01
4.870000000000000000e+02 9.190523754632755526e+01
4.880000000000000000e+02 9.228616820937872944e+01
4.890000000000000000e+02 9.266531872265416325e+01
4.900000000000000000e+02 9.304270784887987134e+01
4.910000000000000000e+02 9.341835404363692419e+01
4.920000000000000000e+02 9.379227546257365589e+01
4.930000000000000000e+02 9.416448996831856277e+01
4.940000000000000000e+02 9.453501513710487814e+01
4.950000000000000000e+02 9.490386826511108609e+01
4.960000000000000000e+02 9.527106637452861548e+01
4.970000000000000000e+02 9.563662621936119024e+01
4.980000000000000000e+02 9.600056429096422050e+01
4.990000000000000000e+02 9.636289682332959217e+01
5.000000000000000000e+02 9.672363979812274692e+01
5.010000000000000000e+02 9.708280893822517044e+01
5.020000000000000000e+02 9.744041764891386492e+01
5.030000000000000000e+02 9.779647455075924256e+01
5.040000000000000000e+02 9.815098756018453230e+01
5.050000000000000000e+02 9.850396452332073238e+01
5.060000000000000000e+02 9.885541321813883542e+01
5.070000000000000000e+02 9.920534135653772978e+01
5.080000000000000000e+02 9.955375658638763525e+01
5.090000000000000000e+02 9.990066649089997952e+01
5.100000000000000000e+02 1.002460785023570509e+02
5.110000000000000000e+02 1.005899998839576455e+02
5.120000000000000000e+02 1.009324378375092834e+02
5.130000000000000000e+02 1.012733995120905490e+02
5.140000000000000000e+02 1.016128920057328742e+02
5.150000000000000000e+02 1.019509223670602154e+02
5.160000000000000000e+02 1.022874975968872207e+02
5.170000000000000000e+02 1.026226246497761423e+02
5.180000000000000000e+02 1.029563104355523109e+02
5.190000000000000000e+02 1.032885618207771898e+02
5.200000000000000000e+02 1.036193856301811707e+02
5.210000000000000000e+02 1.039487886480542187e+02
5.220000000000000000e+02 1.042767776240740147e+02
5.230000000000000000e+02 1.046033602161568581e+02
5.240000000000000000e+02 1.049285461348769530e+02
5.250000000000000000e+02 1.052523452944723203e+02
5.260000000000000000e+02 1.055747675268831927e+02
5.270000000000000000e+02 1.058958225834564360e+02
5.280000000000000000e+02 1.062155201365992099e+02
5.290000000000000000e+02 1.065338697813821653e+02
5.300000000000000000e+02 1.068508810370940552e+02
5.310000000000000000e+02 1.071665633487497473e+02
5.320000000000000000e+02 1.074809260885524367e+02
5.330000000000000000e+02 1.077939785573113625e+02
5.340000000000000000e+02 1.081057299858173053e+02
5.350000000000000000e+02 1.084161895361755654e+02
5.360000000000000000e+02 1.087253663030995341e+02
5.370000000000000000e+02 1.090332693151644605e+02
5.380000000000000000e+02 1.093399075360233752e+02
5.390000000000000000e+02 1.096452898655865482e+02
5.400000000000000000e+02 1.099494251411644399e+02
5.410000000000000000e+02 1.102523221513967826e+02
5.420000000000000000e+02 1.105539899211106416e+02
5.430000000000000000e+02 1.108544377197535056e+02
5.440000000000000000e+02 1.111536747834254868e+02
5.450000000000000000e+02 1.114517103029879337e+02
5.460000000000000000e+02 1.117485534249002654e+02
5.470000000000000000e+02 1.120442133067944184e+02
5.480000000000000000e+02 1.123386993338950504e+02
5.490000000000000000e+02 1.126320209324672135e+02
5.500000000000000000e+02 1.129241874872741533e+02
5.510000000000000000e+02 1.132152083423895874e+02
5.520000000000000000e+02 1.135050928020078942e+02
5.530000000000000000e+02 1.137938501312281261e+02
5.540000000000000000e+02 1.140814895568148302e+02
5.550000000000000000e+02 1.143680202679340283e+02
5.560000000000000000e+02 1.146534514168673837e+02
5.570000000000000000e+02 1.149377921197034311e+02
5.580000000000000000e+02 1.152210514570083006e+02
5.590000000000000000e+02 1.155032384744756513e+02
5.600000000000000000e+02 1.157843621835566523e+02
5.610000000000000000e+02 1.160644315620707232e+02
5.620000000000000000e+02 1.163434555547985667e+02
5.630000000000000000e+02 1.166214430740567707e+02
5.640000000000000000e+02 1.168984030002554420e+02
5.650000000000000000e+02 1.171743441824395831e+02
5.660000000000000000e+02 1.174492754388143680e+02
5.670000000000000000e+02 1.177232055572554259e+02
5.680000000000000000e+02 1.179961432958042167e+02
5.690000000000000000e+02 1.182680973831490405e+02
5.700000000000000000e+02 1.185390765190935554e+02
5.710000000000000000e+02 1.188090893750105579e+02
5.720000000000000000e+02 1.190781445942850070e+02
5.730000000000000000e+02 1.193462508005677307e+02
5.740000000000000000e+02 1.196134167688971246e+02
5.750000000000000000e+02 1.198796514200437571e+02
5.760000000000000000e+02 1.201449636462271684e+02
5.770000000000000000e+02 1.204093623034529941e+02
5.780000000000000000e+02 1.206728524316470299e+02
5.790000000000000000e+02 1.209354256279652731e+02
5.800000000000000000e+02 1.211970741035268588e+02
5.810000000000000000e+02 1.214578078470641884e+02
5.820000000000000000e+02 1.217176422911344389e+02
5.830000000000000000e+02 1.219765928273092754e+02
5.840000000000000000e+02 1.222346748063503412e+02
5.850000000000000000e+02 1.224919035398454810e+02
5.860000000000000000e+02 1.227482943018006409e+02
5.870000000000000000e+02 1.230038623301903158e+02
5.880000000000000000e+02 1.232586224981202889e+02
5.890000000000000000e+02 1.235125793880819458e+02
5.900000000000000000e+02 1.237657266541497734e+02
5.910000000000000000e+02 1.240180669676715297e+02
5.920000000000000000e+02 1.242696021295655555e+02
5.930000000000000000e+02 1.245203260655997610e+02
5.940000000000000000e+02 1.247702321306948647e+02
5.950000000000000000e+02 1.250193136362569817e+02
5.960000000000000000e+02 1.252675638508930263e+02
5.970000000000000000e+02 1.255149760011532862e+02
5.980000000000000000e+02 1.257615432723013100e+02
5.990000000000000000e+02 1.260072588091114341e+02
6.000000000000000000e+02 1.262521157166925860e+02
6.010000000000000000e+02 1.264961070613396146e+02
6.020000000000000000e+02 1.267392258714107811e+02
6.030000000000000000e+02 1.269814651382314139e+02
6.040000000000000000e+02 1.272228178170243211e+02
6.050000000000000000e+02 1.274632768278654424e+02
6.060000000000000000e+02 1.277028350566656911e+02
6.070000000000000000e+02 1.279414853561778500e+02
6.080000000000000000e+02 1.281792205470289048e+02
6.090000000000000000e+02 1.284160334187770331e+02
6.100000000000000000e+02 1.286519167309936336e+02
6.110000000000000000e+02 1.288868636355109913e+02
6.120000000000000000e+02 1.291208769473410598e+02
6.130000000000000000e+02 1.293539691652445924e+02
6.140000000000000000e+02 1.295861532147610262e+02
6.150000000000000000e+02 1.298174420266631159e+02
6.160000000000000000e+02 1.300478485363956622e+02
6.170000000000000000e+02 1.302773856835339075e+02
6.180000000000000000e+02 1.305060664112623954e+02
6.190000000000000000e+02 1.307339036658736120e+02
6.200000000000000000e+02 1.309609103962882273e+02
6.210000000000000000e+02 1.311870995546858865e+02
6.220000000000000000e+02 1.314124840994416843e+02
6.230000000000000000e+02 1.316370769916314032e+02
6.240000000000000000e+02 1.318608911935764354e+02
6.250000000000000000e+02 1.320839396684734766e+02
6.260000000000000000e+02 1.323062353800485198e+02
6.270000000000000000e+02 1.325277912922337578e+02
6.280000000000000000e+02 1.327486203688698083e+02
6.290000000000000000e+02 1.329687355734307630e+02
6.300000000000000000e+02 1.331881498687758096e+02
6.310000000000000000e+02 1.334068762169248430e+02
6.320000000000000000e+02 1.336249275788591433e+02
6.330000000000000000e+02 1.338423166449957478e+02
6.340000000000000000e+02 1.340590499069693635e+02
6.350000000000000000e+02 1.342751276477864053e+02
6.360000000000000000e+02 1.344905498635938841e+02
6.370000000000000000e+02 1.347053165331882951e+02
6.380000000000000000e+02 1.349194276182565488e+02
6.390000000000000000e+02 1.351328830636164469e+02
6.400000000000000000e+02 1.353456827974558507e+02
6.410000000000000000e+02 1.355578267315711116e+02
6.420000000000000000e+02 1.357693147616051021e+02
6.430000000000000000e+02 1.359801467672834008e+02
6.440000000000000000e+02 1.361903226121316095e+02
6.450000000000000000e+02 1.363998419123096539e+02
6.460000000000000000e+02 1.366087036718765262e+02
6.470000000000000000e+02 1.368169067838481396e+02
6.480000000000000000e+02 1.370244501247961466e+02
6.490000000000000000e+02 1.372313325550450998e+02
6.500000000000000000e+02 1.374375529188737630e+02
6.510000000000000000e+02 1.376431100447184406e+02
6.520000000000000000e+02 1.378480027453796595e+02
6.530000000000000000e+02 1.380522298182319219e+02
6.540000000000000000e+02 1.382557900454361572e+02
6.550000000000000000e+02 1.384586821941553296e+02
6.560000000000000000e+02 1.386609050167726593e+02
6.570000000000000000e+02 1.388624573775073543e+02
6.580000000000000000e+02 1.390633393037496432e+02
6.590000000000000000e+02 1.392635514518624689e+02
6.600000000000000000e+02 1.394630944745037766e+02
6.610000000000000000e+02 1.396619690151402153e+02
6.620000000000000000e+02 1.398601757102847500e+02
6.630000000000000000e+02 1.400577151878624989e+02
6.640000000000000000e+02 1.402545880668099016e+02
6.650000000000000000e+02 1.404507949573065844e+02
6.660000000000000000e+02 1.406463364610019369e+02
6.670000000000000000e+02 1.408412131712361202e+02
6.680000000000000000e+02 1.410354256720359842e+02
6.690000000000000000e+02 1.412289742006188078e+02
6.700000000000000000e+02 1.414218581854948411e+02
6.710000000000000000e+02 1.416140769300101852e+02
6.720000000000000000e+02 1.418056297278167506e+02
6.730000000000000000e+02 1.419965158630794235e+02
6.740000000000000000e+02 1.421867346106837999e+02
6.750000000000000000e+02 1.423762854565635223e+02
6.760000000000000000e+02 1.425651764329751643e+02
6.770000000000000000e+02 1.427534266672463161e+02
6.780000000000000000e+02 1.429410560029532178e+02
6.790000000000000000e+02 1.431280842563162423e+02
6.800000000000000000e+02 1.433145312157095077e+02
6.810000000000000000e+02 1.435004166412239215e+02
6.820000000000000000e+02 1.436857602642810718e+02
6.830000000000000000e+02 1.438705817872981356e+02
6.840000000000000000e+02 1.440549008834027518e+02
6.850000000000000000e+02 1.442387371961964675e+02
6.860000000000000000e+02 1.444221103395669843e+02
6.870000000000000000e+02 1.446050398975473854e+02
6.880000000000000000e+02 1.447875454242218041e+02
6.890000000000000000e+02 1.449696464436772203e+02
6.900000000000000000e+02 1.451513624499990556e+02
6.910000000000000000e+02 1.453327129073117874e+02
6.920000000000000000e+02 1.455137172498620544e+02
6.930000000000000000e+02 1.456943948821436834e+02
6.940000000000000000e+02 1.458747651790645534e+02
6.950000000000000000e+02 1.460548417050447654e+02
6.960000000000000000e+02 1.462346148820772669e+02
6.970000000000000000e+02 1.464140693526518078e+02
6.980000000000000000e+02 1.465931897635920507e+02
6.990000000000000000e+02 1.467719607660290535e+02
7.000000000000000000e+02 1.469503670154250869e+02
7.010000000000000000e+02 1.471283931753844456e+02
7.020000000000000000e+02 1.473060239291474716e+02
7.030000000000000000e+02 1.474832439688373427e+02
7.040000000000000000e+02 1.476600379919808574e+02
7.050000000000000000e+02 1.478363907017708812e+02
7.060000000000000000e+02 1.480122868073735560e+02
7.070000000000000000e+02 1.481877110267360536e+02
7.080000000000000000e+02 1.483626481467340170e+02
7.090000000000000000e+02 1.485370830271245950e+02
7.100000000000000000e+02 1.487110005387308718e+02
7.110000000000000000e+02 1.488843855608388367e+02
7.120000000000000000e+02 1.490572229817533696e+02
7.130000000000000000e+02 1.492294976993915157e+02
7.140000000000000000e+02 1.494011946219124525e+02
7.150000000000000000e+02 1.495722986683835813e+02
7.160000000000000000e+02 1.497427978814329492e+02
7.170000000000000000e+02 1.499126927568163410e+02
7.180000000000000000e+02 1.500819868956773462e+02
7.190000000000000000e+02 1.502506838908456075e+02
7.200000000000000000e+02 1.504187873268033400e+02
7.210000000000000000e+02 1.505863007796518218e+02
7.220000000000000000e+02 1.507532278170789937e+02
7.230000000000000000e+02 1.509195719983275694e+02
7.240000000000000000e+02 1.510853368741638576e+02
7.250000000000000000e+02 1.512505259868470375e+02
7.260000000000000000e+02 1.514151428700997997e+02
7.270000000000000000e+02 1.515791910490786734e+02
7.280000000000000000e+02 1.517426740403460030e+02
7.290000000000000000e+02 1.519055953518421234e+02
7.300000000000000000e+02 1.520679584828585860e+02
7.310000000000000000e+02 1.522297669240112441e+02
7.320000000000000000e+02 1.523910241572154689e+02
7.330000000000000000e+02 1.525517336556608257e+02
7.340000000000000000e+02 1.527118988837871427e+02
7.350000000000000000e+02 1.528715232972608931e+02
7.360000000000000000e+02 1.530306103429528264e+02
7.370000000000000000e+02 1.531891634589158002e+02
7.380000000000000000e+02 1.533471860743635489e+02
7.390000000000000000e+02 1.535046816096501630e+02
7.400000000000000000e+02 1.536616534762503647e+02
7.410000000000000000e+02 1.538181050767402951e+02
7.420000000000000000e+02 1.539740398047792382e+02
7.430000000000000000e+02 1.541294610450919436e+02
7.440000000000000000e+02 1.542843721734517715e+02
7.450000000000000000e+02 1.544387765566639814e+02
7.460000000000000000e+02 1.545926775525510379e+02
7.470000000000000000e+02 1.547460785099369502e+02
7.480000000000000000e+02 1.548989827686335730e+02
7.490000000000000000e+02 1.550513936594271058e+02
7.500000000000000000e+02 1.552033145040652187e+02
7.510000000000000000e+02 1.553547486152451143e+02
7.520000000000000000e+02 1.555056992966021596e+02
7.530000000000000000e+02 1.556561698426987448e+02
7.540000000000000000e+02 1.558061635390150741e+02
7.550000000000000000e+02 1.559556836619389344e+02
7.560000000000000000e+02 1.561047334787575096e+02
7.570000000000000000e+02 1.562533162476491668e+02
7.580000000000000000e+02 1.564014352176758678e+02
7.590000000000000000e+02 1.565490936287765749e+02
7.600000000000000000e+02 1.566962947117612828e+02
7.610000000000000000e+02 1.568430416883051066e+02
7.620000000000000000e+02 1.569893377709435924e+02
7.630000000000000000e+02 1.571351861630686244e+02
7.640000000000000000e+02 1.572805900589244459e+02
7.650000000000000000e+02 1.574255526436048171e+02
7.660000000000000000e+02 1.575700770930505143e+02
7.670000000000000000e+02 1.577141665740474252e+02
7.680000000000000000e+02 1.578578242442252701e+02
7.690000000000000000e+02 1.580010532520570052e+02
7.700000000000000000e+02 1.581438567368584529e+02
7.710000000000000000e+02 1.582862378287888419e+02
7.720000000000000000e+02 1.584281996488519155e+02
7.730000000000000000e+02 1.585697453088972395e+02
7.740000000000000000e+02 1.587108779116223332e+02
7.750000000000000000e+02 1.588516005505751423e+02
7.760000000000000000e+02 1.589919163101574782e+02
7.770000000000000000e+02 1.591318282656282008e+02
7.780000000000000000e+02 1.592713394831076812e+02
7.790000000000000000e+02 1.594104530195822633e+02
7.800000000000000000e+02 1.595491719229093519e+02
7.810000000000000000e+02 1.596874992318231818e+02
7.820000000000000000e+02 1.598254379759407300e+02
7.830000000000000000e+02 1.599629911757682237e+02
7.840000000000000000e+02 1.601001618427084736e+02
7.850000000000000000e+02 1.602369529790676665e+02
7.860000000000000000e+02 1.603733675780639771e+02
7.870000000000000000e+02 1.605094086238355260e+02
7.880000000000000000e+02 1.606450790914489630e+02
7.890000000000000000e+02 1.607803819469091025e+02
7.900000000000000000e+02 1.609153201471680461e+02
7.910000000000000000e+02 1.610498966401354437e+02
7.920000000000000000e+02 1.611841143646886394e+02
7.930000000000000000e+02 1.613179762506836710e+02
7.940000000000000000e+02 1.614514852189662122e+02
7.950000000000000000e+02 1.615846441813831973e+02
7.960000000000000000e+02 1.617174560407944739e+02
7.970000000000000000e+02 1.618499236910851380e+02
7.980000000000000000e+02 1.619820500171782953e+02
7.990000000000000000e+02 1.621138378950474248e+02
8.000000000000000000e+02 1.622452901917301347e+02
8.010000000000000000e+02 1.623764095050238154e+02
8.020000000000000000e+02 1.625071973837781059e+02
8.030000000000000000e+02 1.626376551110217576e+02
8.040000000000000000e+02 1.627677839646144093e+02
8.050000000000000000e+02 1.628975852172731607e+02
8.060000000000000000e+02 1.630270601365994310e+02
8.070000000000000000e+02 1.631562099851054199e+02
8.080000000000000000e+02 1.632850360202401419e+02
8.090000000000000000e+02 1.634135394944156303e+02
8.100000000000000000e+02 1.635417216550330011e+02
8.110000000000000000e+02 1.636695837445080031e+02
8.120000000000000000e+02 1.637971270002965412e+02
8.130000000000000000e+02 1.639243526549199998e+02
8.140000000000000000e+02 1.640512619359907944e+02
8.150000000000000000e+02 1.641778560662369273e+02
8.160000000000000000e+02 1.643041362635270843e+02
8.170000000000000000e+02 1.644301037408953334e+02
8.180000000000000000e+02 1.645557597065656239e+02
8.190000000000000000e+02 1.646811053639761440e+02
8.200000000000000000e+02 1.648061419118033939e+02
8.210000000000000000e+02 1.649308705439863729e+02
8.220000000000000000e+02 1.650552924497503966e+02
8.230000000000000000e+02 1.651794088136309426e+02
8.240000000000000000e+02 1.653032208154967861e+02
8.250000000000000000e+02 1.654267296305739308e+02
8.260000000000000000e+02 1.655499364294686870e+02
8.270000000000000000e+02 1.656728423781905235e+02
8.280000000000000000e+02 1.657954486381751451e+02
8.290000000000000000e+02 1.659177563663076853e+02
8.300000000000000000e+02 1.660397667149447329e+02
8.310000000000000000e+02 1.661614808319372116e+02
8.320000000000000000e+02 1.662828998606526625e+02
8.330000000000000000e+02 1.664040249399973845e+02
8.340000000000000000e+02 1.665248572044387458e+02
8.350000000000000000e+02 1.666453977840268408e+02
8.360000000000000000e+02 1.667656478044164601e+02
8.370000000000000000e+02 1.668856083868886060e+02
8.380000000000000000e+02 1.670052806483721497e+02
8.390000000000000000e+02 1.671246657014652897e+02
8.400000000000000000e+02 1.672437646544564416e+02
8.410000000000000000e+02 1.673625786113458673e+02
8.420000000000000000e+02 1.674811086718662523e+02
8.430000000000000000e+02 1.675993559315037373e+02
8.440000000000000000e+02 1.677173214815186100e+02
8.450000000000000000e+02 1.678350064089660805e+02
8.460000000000000000e+02 1.679524117967163193e+02
8.470000000000000000e+02 1.680695387234755458e+02
8.480000000000000000e+02 1.681863882638052416e+02
8.490000000000000000e+02 1.683029614881432394e+02
8.500000000000000000e+02 1.684192594628231632e+02
8.510000000000000000e+02 1.685352832500944089e+02
8.520000000000000000e+02 1.686510339081418124e+02
8.530000000000000000e+02 1.687665124878173515e+02
8.540000000000000000e+02 1.688817200176075630e+02
8.550000000000000000e+02 1.689966575156290389e+02
8.560000000000000000e+02 1.691113259959947186e+02
8.570000000000000000e+02 1.692257264688397811e+02
8.580000000000000000e+02 1.693398599403415119e+02
8.590000000000000000e+02 1.694537274127383739e+02
8.600000000000000000e+02 1.695673298843497037e+02
8.610000000000000000e+02 1.696806683495948960e+02
8.620000000000000000e+02 1.697937437990124181e+02
8.630000000000000000e+02 1.699065572192790796e+02
8.640000000000000000e+02 1.700191095932286771e+02
8.650000000000000000e+02 1.701314018998710367e+02
8.660000000000000000e+02 1.702434351144105733e+02
8.670000000000000000e+02 1.703552102082650492e+02
8.680000000000000000e+02 1.704667281490838775e+02
8.690000000000000000e+02 1.705779899007664824e+02
8.700000000000000000e+02 1.706889964234810009e+02
8.710000000000000000e+02 1.707997486736817052e+02
8.720000000000000000e+02 1.709102476041278464e+02
8.730000000000000000e+02 1.710204941639010769e+02
8.740000000000000000e+02 1.711304892984234982e+02
8.750000000000000000e+02 1.712402339494753960e+02
8.760000000000000000e+02 1.713497290552130892e+02
8.770000000000000000e+02 1.714589755501861532e+02
8.780000000000000000e+02 1.715679743653549849e+02
8.790000000000000000e+02 1.716767264281083669e+02
8.800000000000000000e+02 1.717852326622804640e+02
8.810000000000000000e+02 1.718934939881680464e+02
8.820000000000000000e+02 1.720015113225476568e+02
8.830000000000000000e+02 1.721092855786925782e+02
8.840000000000000000e+02 1.722168176663894599e+02
8.850000000000000000e+02 1.723241084919553998e+02
8.860000000000000000e+02 1.724311589582544855e+02
8.870000000000000000e+02 1.725379699647143923e+02
8.880000000000000000e+02 1.726445424073427830e+02
8.890000000000000000e+02 1.727508771787441049e+02
8.900000000000000000e+02 1.728569751681352500e+02
8.910000000000000000e+02 1.729628372613623810e+02
8.920000000000000000e+02 1.730684643409167336e+02
8.930000000000000000e+02 1.731738572859507599e+02
8.940000000000000000e+02 1.732790169722941869e+02
8.950000000000000000e+02 1.733839442729133964e+02
8.960000000000000000e+02 1.734886400629694947e+02
8.970000000000000000e+02 1.735931052180481231e+02
8.980000000000000000e+02 1.736973406105452113e+02
8.990000000000000000e+02 1.738013471096126352e+02
9.000000000000000000e+02 1.739051255811739622e+02
9.010000000000000000e+02 1.740086768879390604e+02
9.020000000000000000e+02 1.741120018894197017e+02
9.030000000000000000e+02 1.742151014419443129e+02
9.040000000000000000e+02 1.743179763986728972e+02
9.050000000000000000e+02 1.744206276096119836e+02
9.060000000000000000e+02 1.745230559216295205e+02
9.070000000000000000e+02 1.746252621784693417e+02
9.080000000000000000e+02 1.747272472207658893e+02
9.090000000000000000e+02 1.748290118860588223e+02
9.100000000000000000e+02 1.749305570088072841e+02
9.110000000000000000e+02 1.750318834204046254e+02
9.120000000000000000e+02 1.751329919491923590e+02
9.130000000000000000e+02 1.752338834204745979e+02
9.140000000000000000e+02 1.753345586565321526e+02
9.150000000000000000e+02 1.754350184766366567e+02
9.160000000000000000e+02 1.755352636970644653e+02
9.170000000000000000e+02 1.756352951311107518e+02
9.180000000000000000e+02 1.757351135891032072e+02
9.190000000000000000e+02 1.758347198784160241e+02
9.200000000000000000e+02 1.759341148034833395e+02
9.210000000000000000e+02 1.760332991658130766e+02
9.220000000000000000e+02 1.761322737640005869e+02
9.230000000000000000e+02 1.762310393937420088e+02
9.240000000000000000e+02 1.763295968478475686e+02
9.250000000000000000e+02 1.764279469162551663e+02
9.260000000000000000e+02 1.765260903860437622e+02
9.270000000000000000e+02 1.766240280414462802e+02
9.280000000000000000e+02 1.767217606638628808e+02
9.290000000000000000e+02 1.768192890318742911e+02
9.300000000000000000e+02 1.769166139212542248e+02
9.310000000000000000e+02 1.770137361049832236e+02
9.320000000000000000e+02 1.771106563532606799e+02
9.330000000000000000e+02 1.772073754335180240e+02
9.340000000000000000e+02 1.773038941104316848e+02
9.350000000000000000e+02 1.774002131459354246e+02
9.360000000000000000e+02 1.774963332992330152e+02
9.370000000000000000e+02 1.775922553268109993e+02
9.380000000000000000e+02 1.776879799824509973e+02
9.390000000000000000e+02 1.777835080172420987e+02
9.400000000000000000e+02 1.778788401795935670e+02
9.410000000000000000e+02 1.779739772152466344e+02
9.420000000000000000e+02 1.780689198672871498e+02
9.430000000000000000e+02 1.781636688761575442e+02
9.440000000000000000e+02 1.782582249796690519e+02
9.450000000000000000e+02 1.783525889130137614e+02
9.460000000000000000e+02 1.784467614087764673e+02
9.470000000000000000e+02 1.785407431969468917e+02
9.480000000000000000e+02 1.786345350049311378e+02
9.490000000000000000e+02 1.787281375575639402e+02
9.500000000000000000e+02 1.788215515771202035e+02
9.510000000000000000e+02 1.789147777833266275e+02
9.520000000000000000e+02 1.790078168933735299e+02
9.530000000000000000e+02 1.791006696219263574e+02
9.540000000000000000e+02 1.791933366811371116e+02
9.550000000000000000e+02 1.792858187806559158e+02
9.560000000000000000e+02 1.793781166276424131e+02
9.570000000000000000e+02 1.794702309267771625e+02
9.580000000000000000e+02 1.795621623802728379e+02
9.590000000000000000e+02 1.796539116878854827e+02
9.600000000000000000e+02 1.797454795469256794e+02
9.610000000000000000e+02 1.798368666522698334e+02
9.620000000000000000e+02 1.799280736963711718e+02
9.630000000000000000e+02 -1.799808986307295413e+02
9.640000000000000000e+02 -1.798900496413924373e+02
9.650000000000000000e+02 -1.797993786503680269e+02
9.660000000000000000e+02 -1.797088849747865709e+02
9.670000000000000000e+02 -1.796185679341465686e+02
9.680000000000000000e+02 -1.795284268503047542e+02
9.690000000000000000e+02 -1.794384610474647559e+02
9.700000000000000000e+02 -1.793486698521668643e+02
9.710000000000000000e+02 -1.792590525932774597e+02
9.720000000000000000e+02 -1.791696086019779841e+02
9.730000000000000000e+02 -1.790803372117552783e+02
9.740000000000000000e+02 -1.789912377583899854e+02
9.750000000000000000e+02 -1.789023095799474277e+02
9.760000000000000000e+02 -1.788135520167662662e+02
9.770000000000000000e+02 -1.787249644114487239e+02
9.780000000000000000e+02 -1.786365461088500410e+02
9.790000000000000000e+02 -1.785482964560686412e+02
9.800000000000000000e+02 -1.784602148024357291e+02
9.810000000000000000e+02 -1.783723004995050587e+02
9.820000000000000000e+02 -1.782845529010432699e+02
9.830000000000000000e+02 -1.781969713630196281e+02
9.840000000000000000e+02 -1.781095552435960201e+02
9.850000000000000000e+02 -1.780223039031172334e+02
9.860000000000000000e+02 -1.779352167041009807e+02
9.870000000000000000e+02 -1.778482930112280371e+02
9.880000000000000000e+02 -1.777615321913326625e+02
9.890000000000000000e+02 -1.776749336133927102e+02
9.900000000000000000e+02 -1.775884966485200209e+02
9.910000000000000000e+02 -1.775022206699505318e+02
9.920000000000000000e+02 -1.774161050530352952e+02
9.930000000000000000e+02 -1.773301491752303320e+02
9.940000000000000000e+02 -1.772443524160874517e+02
9.950000000000000000e+02 -1.771587141572446171e+02
9.960000000000000000e+02 -1.770732337824168212e+02
9.970000000000000000e+02 -1.769879106773863384e+02
9.980000000000000000e+02 -1.769027442299937150e+02
9.990000000000000000e+02 -1.768177338301283612e+02
1.000000000000000000e+03 -1.767328788697193716e+02
1.001000000000000000e+03 -1.766481808040210808e+02
1.002000000000000000e+03 -1.765636467480329372e+02
1.003000000000000000e+03 -1.764792762352050488e+02
1.004000000000000000e+03 -1.763950688008026191e+02
1.005000000000000000e+03 -1.763110239818973071e+02
1.006000000000000000e+03 -1.762271413173589281e+02
1.007000000000000000e+03 -1.761434203478464440e+02
1.008000000000000000e+03 -1.760598606157996926e+02
1.009000000000000000e+03 -1.759764616654307474e+02
1.010000000000000000e+03 -1.758932230427153058e+02
1.011000000000000000e+03 -1.758101442953848448e+02
1.012000000000000000e+03 -1.757272249729174689e+02
1.013000000000000000e+03 -1.756444646265302367e+02
1.014000000000000000e+03 -1.755618628091706910e+02
1.015000000000000000e+03 -1.754794190768446072e+02
1.016000000000000000e+03 -1.753971329923043925e+02
1.017000000000000000e+03 -1.753150041211897303e+02
1.018000000000000000e+03 -1.752330320308340958e+02
1.019000000000000000e+03 -1.751512162902565706e+02
1.020000000000000000e+03 -1.750695564701536284e+02
1.021000000000000000e+03 -1.749880521428913482e+02
1.022000000000000000e+03 -1.749067028824973988e+02
1.023000000000000000e+03 -1.748255082646527967e+02
1.024000000000000000e+03 -1.747444678666843458e+02
1.025000000000000000e+03 -1.746635812675566513e+02
1.026000000000000000e+03 -1.745828480478643030e+02
1.027000000000000000e+03 -1.745022677898239749e+02
1.028000000000000000e+03 -1.744218400772670350e+02
1.029000000000000000e+03 -1.743415644956315305e+02
1.030000000000000000e+03 -1.742614406319547413e+02
1.031000000000000000e+03 -1.741814680748653927e+02
1.032000000000000000e+03 -1.741016464145763507e+02
1.033000000000000000e+03 -1.740219752428770335e+02
1.034000000000000000e+03 -1.739424541531257091e+02
1.035000000000000000e+03 -1.738630827402422483e+02
1.036000000000000000e+03 -1.737838606007008764e+02
1.037000000000000000e+03 -1.737047873325225851e+02
1.038000000000000000e+03 -1.736258625352678280e+02
1.039000000000000000e+03 -1.735470858100294720e+02
1.040000000000000000e+03 -1.734684567594253792e+02
1.041000000000000000e+03 -1.733899749875912732e+02
1.042000000000000000e+03 -1.733116401001734346e+02
1.043000000000000000e+03 -1.732334517043219080e+02
1.044000000000000000e+03 -1.731554094086832549e+02
1.045000000000000000e+03 -1.730775128233934481e+02
1.046000000000000000e+03 -1.729997615600709651e+02
1.047000000000000000e+03 -1.729221552318098531e+02
1.048000000000000000e+03 -1.728446934531727663e+02
1.049000000000000000e+03 -1.727673758401840018e+02
1.050000000000000000e+03 -1.726902020103229916e+02
1.051000000000000000e+03 -1.726131715825169692e+02
1.052000000000000000e+03 -1.725362841771347746e+02
1.053000000000000000e+03 -1.724595394159795205e+02
1.054000000000000000e+03 -1.723829369222825676e+02
1.055000000000000000e+03 -1.723064763206961345e+02
1.056000000000000000e+03 -1.722301572372873295e+02
1.057000000000000000e+03 -1.721539792995312723e+02
1.058000000000000000e+03 -1.720779421363044150e+02
1.059000000000000000e+03 -1.720020453778782326e+02
1.060000000000000000e+03 -1.719262886559127992e+02
1.061000000000000000e+03 -1.718506716016195810e+02
1.062000000000000000e+03 -1.717751938402582539e+02
1.063000000000000000e+03 -1.716998549966127996e+02
1.064000000000000000e+03 -1.716246546968145594e+02
1.065000000000000000e+03 -1.715495925683362657e+02
1.066000000000000000e+03 -1.714746682399863289e+02
1.067000000000000000e+03 -1.713998813419023577e+02
1.068000000000000000e+03 -1.713252315055459007e+02
1.069000000000000000e+03 -1.712507183636963077e+02
1.070000000000000000e+03 -1.711763415504449313e+02
1.071000000000000000e+03 -1.711021007011893289e+02
1.072000000000000000e+03 -1.710279954526274935e+02
1.073000000000000000e+03 -1.709540254427523394e+02
1.074000000000000000e+03 -1.708801903108455633e+02
1.075000000000000000e+03 -1.708064896974724149e+02
1.076000000000000000e+03 -1.707329232444758986e+02
1.077000000000000000e+03 -1.706594905949710892e+02
1.078000000000000000e+03 -1.705861913933396181e+02
1.079000000000000000e+03 -1.705130252852241028e+02
1.080000000000000000e+03 -1.704399919175227183e+02
1.081000000000000000e+03 -1.703670909383835976e+02
1.082000000000000000e+03 -1.702943219971994040e+02
1.083000000000000000e+03 -1.702216847446017880e+02
1.084000000000000000e+03 -1.701491788294622438e+02
1.085000000000000000e+03 -1.700768038909391748e+02
1.086000000000000000e+03 -1.700045595669259342e+02
1.087000000000000000e+03 -1.699324454965465634e+02
1.088000000000000000e+03 -1.698604613201514724e+02
1.089000000000000000e+03 -1.697886066793118971e+02
1.090000000000000000e+03 -1.697168812168148122e+02
1.091000000000000000e+03 -1.696452845766579571e+02
1.092000000000000000e+03 -1.695738164040448908e+02
1.093000000000000000e+03 -1.695024763453795345e+02
1.094000000000000000e+03 -1.694312640482617098e+02
1.095000000000000000e+03 -1.693601791614817955e+02
1.096000000000000000e+03 -1.692892213350159807e+02
1.097000000000000000e+03 -1.692183902200211492e+02
1.098000000000000000e+03 -1.691476854688302183e+02
1.099000000000000000e+03 -1.690771067349470513e+02
1.100000000000000000e+03 -1.690066536730417113e+02
1.101000000000000000e+03 -1.689363259389455436e+02
1.102000000000000000e+03 -1.688661231896466006e+02
1.103000000000000000e+03 -1.687960450832844970e+02
1.104000000000000000e+03 -1.687260912791461465e+02
1.105000000000000000e+03 -1.686562614376603619e+02
1.106000000000000000e+03 -1.685865552203939046e+02
1.107000000000000000e+03 -1.685169722900461693e+02
1.108000000000000000e+03 -1.684475123104449494e+02
1.109000000000000000e+03 -1.683781749465414634e+02
1.110000000000000000e+03 -1.683089598644061198e+02
1.111000000000000000e+03 -1.682398667312233727e+02
1.112000000000000000e+03 -1.681708952152879419e+02
1.113000000000000000e+03 -1.681020449859993846e+02
1.114000000000000000e+03 -1.680333157138582862e+02
1.115000000000000000e+03 -1.679647070704613157e+02
1.116000000000000000e+03 -1.678962187284969616e+02
1.117000000000000000e+03 -1.678278503617409854e+02
1.118000000000000000e+03 -1.677596016450521006e+02
1.119000000000000000e+03 -1.676914722543673122e+02
1.120000000000000000e+03 -1.676234618666978520e+02
1.121000000000000000e+03 -1.675555701601244323e+02
1.122000000000000000e+03 -1.674877968137933522e+02
1.123000000000000000e+03 -1.674201415079116941e+02
1.124000000000000000e+03 -1.673526039237433167e+02
1.125000000000000000e+03 -1.672851837436044775e+02
1.126000000000000000e+03 -1.672178806508597120e+02
1.127000000000000000e+03 -1.671506943299171724e+02
1.128000000000000000e+03 -1.670836244662249328e+02
1.129000000000000000e+03 -1.670166707463657474e+02
1.130000000000000000e+03 -1.669498328636366011e+02
1.131000000000000000e+03 -1.668831105210070405e+02
1.132000000000000000e+03 -1.668165034231819277e+02
1.133000000000000000e+03 -1.667500112758699515e+02
1.134000000000000000e+03 -1.666836337857796480e+02
1.135000000000000000e+03 -1.666173706606151654e+02
1.136000000000000000e+03 -1.665512216090722859e+02
1.137000000000000000e+03 -1.664851863408338488e+02
1.138000000000000000e+03 -1.664192645665660280e+02
1.139000000000000000e+03 -1.663534559979139544e+02
1.140000000000000000e+03 -1.662877603474980788e+02
1.141000000000000000e+03 -1.662221773289092823e+02
1.142000000000000000e+03 -1.661567066567057225e+02
1.143000000000000000e+03 -1.660913480464082852e+02
1.144000000000000000e+03 -1.660261012144966060e+02
1.145000000000000000e+03 -1.659609658784054602e+02
1.146000000000000000e+03 -1.658959417565202443e+02
1.147000000000000000e+03 -1.658310285681734797e+02
1.148000000000000000e+03 -1.657662260336406632e+02
1.149000000000000000e+03 -1.657015338741363735e+02
1.150000000000000000e+03 -1.656369518118105475e+02
1.151000000000000000e+03 -1.655724795697442744e+02
1.152000000000000000e+03 -1.655081168719464131e+02
1.153000000000000000e+03 -1.654438634433493291e+02
1.154000000000000000e+03 -1.653797190098054841e+02
1.155000000000000000e+03 -1.653156832980829165e+02
1.156000000000000000e+03 -1.652517560358625417e+02
1.157000000000000000e+03 -1.651879369517334339e+02
1.158000000000000000e+03 -1.651242257751897284e+02
1.159000000000000000e+03 -1.650606222366264433e+02
1.160000000000000000e+03 -1.649971260673360973e+02
1.161000000000000000e+03 -1.649337369995047879e+02
1.162000000000000000e+03 -1.648704547662088373e+02
1.163000000000000000e+03 -1.648072791014107565e+02
1.164000000000000000e+03 -1.647442097399558634e+02
1.165000000000000000e+03 -1.646812464175686159e+02
1.166000000000000000e+03 -1.646183888708491736e+02
1.167000000000000000e+03 -1.645556368372693044e+02
1.168000000000000000e+03 -1.644929900551695425e+02
1.169000000000000000e+03 -1.644304482637549256e+02
1.170000000000000000e+03 -1.643680112030922373e+02
1.171000000000000000e+03 -1.643056786141056591e+02
1.172000000000000000e+03 -1.642434502385740700e+02
1.173000000000000000e+03 -1.641813258191268119e+02
1.174000000000000000e+03 -1.641193050992410747e+02
1.175000000000000000e+03 -1.640573878232374625e+02
1.176000000000000000e+03 -1.639955737362776347e+02
1.177000000000000000e+03 -1.639338625843599573e+02
1.178000000000000000e+03 -1.638722541143167746e+02
1.179000000000000000e+03 -1.638107480738106005e+02
1.180000000000000000e+03 -1.637493442113310209e+02
1.181000000000000000e+03 -1.636880422761912257e+02
1.182000000000000000e+03 -1.636268420185247123e+02
1.183000000000000000e+03 -1.635657431892819886e+02
1.184000000000000000e+03 -1.635047455402272760e+02
1.185000000000000000e+03 -1.634438488239351841e+02
1.186000000000000000e+03 -1.633830527937874137e+02
1.187000000000000000e+03 -1.633223572039696592e+02
1.188000000000000000e+03 -1.632617618094683394e+02
1.189000000000000000e+03 -1.632012663660670171e+02
1.190000000000000000e+03 -1.631408706303438692e+02
1.191000000000000000e+03 -1.630805743596679633e+02
1.192000000000000000e+03 -1.630203773121961888e+02
1.193000000000000000e+03 -1.629602792468702432e+02
1.194000000000000000e+03 -1.629002799234133931e+02
1.195000000000000000e+03 -1.628403791023273754e+02
1.196000000000000000e+03 -1.627805765448891009e+02
1.197000000000000000e+03 -1.627208720131480106e+02
1.198000000000000000e+03 -1.626612652699224668e+02
1.199000000000000000e+03 -1.626017560787968819e+02
1.200000000000000000e+03 -1.625423442041190185e+02
1.201000000000000000e+03 -1.624830294109961812e+02
1.202000000000000000e+03 -1.624238114652931131e+02
1.203000000000000000e+03 -1.623646901336280166e+02
1.204000000000000000e+03 -1.623056651833705075e+02
1.205000000000000000e+03 -1.622467363826378062e+02
1.206000000000000000e+03 -1.621879035002923217e+02
1.207000000000000000e+03 -1.621291663059384689e+02
1.208000000000000000e+03 -1.620705245699197690e+02
1.209000000000000000e+03 -1.620119780633159223e+02
1.210000000000000000e+03 -1.619535265579398242e+02
1.211000000000000000e+03 -1.618951698263348078e+02
1.212000000000000000e+03 -1.618369076417716883e+02
1.213000000000000000e+03 -1.617787397782457788e+02
1.214000000000000000e+03 -1.617206660104741900e+02
1.215000000000000000e+03 -1.616626861138928746e+02
1.216000000000000000e+03 -1.616047998646540407e+02
1.217000000000000000e+03 -1.615470070396228266e+02
1.218000000000000000e+03 -1.614893074163750839e+02
1.219000000000000000e+03 -1.614317007731940521e+02
1.220000000000000000e+03 -1.613741868890680280e+02
1.221000000000000000e+03 -1.613167655436872963e+02
1.222000000000000000e+03 -1.612594365174414293e+02
1.223000000000000000e+03 -1.612021995914167860e+02
1.224000000000000000e+03 -1.611450545473933005e+02
1.225000000000000000e+03 -1.610880011678422932e+02
1.226000000000000000e+03 -1.610310392359234015e+02
1.227000000000000000e+03 -1.609741685354819651e+02
1.228000000000000000e+03 -1.609173888510465531e+02
1.229000000000000000e+03 -1.608606999678259797e+02
1.230000000000000000e+03 -1.608041016717069738e+02
1.231000000000000000e+03 -1.607475937492511093e+02
1.232000000000000000e+03 -1.606911759876926453e+02
1.233000000000000000e+03 -1.606348481749356552e+02
1.234000000000000000e+03 -1.605786100995515540e+02
1.235000000000000000e+03 -1.605224615507759722e+02
1.236000000000000000e+03 -1.604664023185072779e+02
1.237000000000000000e+03 -1.604104321933027961e+02
1.238000000000000000e+03 -1.603545509663771043e+02
1.239000000000000000e+03 -1.602987584295989905e+02
1.240000000000000000e+03 -1.602430543754893222e+02
1.241000000000000000e+03 -1.601874385972180335e+02
1.242000000000000000e+03 -1.601319108886021638e+02
1.243000000000000000e+03 -1.600764710441027887e+02
1.244000000000000000e+03 -1.600211188588231153e+02
1.245000000000000000e+03 -1.599658541285055264e+02
1.246000000000000000e+03 -1.599106766495292788e+02
1.247000000000000000e+03 -1.598555862189082859e+02
1.248000000000000000e+03 -1.598005826342882187e+02
1.249000000000000000e+03 -1.597456656939443747e+02
1.250000000000000000e+03 -1.596908351967793749e+02
1.251000000000000000e+03 -1.596360909423202656e+02
1.252000000000000000e+03 -1.595814327307166991e+02
1.253000000000000000e+03 -1.595268603627380912e+02
1.254000000000000000e+03 -1.594723736397715754e+02
1.255000000000000000e+03 -1.594179723638192741e+02
1.256000000000000000e+03 -1.593636563374964794e+02
1.257000000000000000e+03 -1.593094253640286695e+02
1.258000000000000000e+03 -1.592552792472496321e+02
1.259000000000000000e+03 -1.592012177915990208e+02
1.260000000000000000e+03 -1.591472408021199385e+02
1.261000000000000000e+03 -1.590933480844566930e+02
1.262000000000000000e+03 -1.590395394448526645e+02
1.263000000000000000e+03 -1.589858146901478051e+02
1.264000000000000000e+03 -1.589321736277764217e+02
1.265000000000000000e+03 -1.588786160657648452e+02
1.266000000000000000e+03 -1.588251418127295551e+02
1.267000000000000000e+03 -1.587717506778742802e+02
1.268000000000000000e+03 -1.587184424709885775e+02
1.269000000000000000e+03 -1.586652170024447059e+02
1.270000000000000000e+03 -1.586120740831962905e+02
1.271000000000000000e+03 -1.585590135247753949e+02
1.272000000000000000e+03 -1.585060351392908728e+02
1.273000000000000000e+03 -1.584531387394258672e+02
1.274000000000000000e+03 -1.584003241384357068e+02
1.275000000000000000e+03 -1.583475911501458597e+02
1.276000000000000000e+03 -1.582949395889496316e+02
1.277000000000000000e+03 -1.582423692698060620e+02
1.278000000000000000e+03 -1.581898800082378500e+02
1.279000000000000000e+03 -1.581374716203291939e+02
1.280000000000000000e+03 -1.580851439227237165e+02
1.281000000000000000e+03 -1.580328967326221914e+02
1.282000000000000000e+03 -1.579807298677806955e+02
1.283000000000000000e+03 -1.579286431465083353e+02
1.284000000000000000e+03 -1.578766363876653429e+02
1.285000000000000000e+03 -1.578247094106607165e+02
1.286000000000000000e+03 -1.577728620354505438e+02
1.287000000000000000e+03 -1.577210940825356147e+02
1.288000000000000000e+03 -1.576694053729597158e+02
1.289000000000000000e+03 -1.576177957283070441e+02
1.290000000000000000e+03 -1.575662649707009564e+02
1.291000000000000000e+03 -1.575148129228013829e+02
1.292000000000000000e+03 -1.574634394078028947e+02
1.293000000000000000e+03 -1.574121442494328562e+02
1.294000000000000000e+03 -1.573609272719495777e+02
1.295000000000000000e+03 -1.573097883001397292e+02
1.296000000000000000e+03 -1.572587271593173455e+02
1.297000000000000000e+03 -1.572077436753207280e+02
1.298000000000000000e+03 -1.571568376745115927e+02
1.299000000000000000e+03 -1.571060089837721137e+02
1.300000000000000000e+03 -1.570552574305039855e+02
1.301000000000000000e+03 -1.570045828426254957e+02
1.302000000000000000e+03 -1.569539850485705585e+02
1.303000000000000000e+03 -1.569034638772860148e+02
1.304000000000000000e+03 -1.568530191582302393e+02
1.305000000000000000e+03 -1.568026507213710374e+02
1.306000000000000000e+03 -1.567523583971837979e+02
1.307000000000000000e+03 -1.567021420166496171e+02
1.308000000000000000e+03 -1.566520014112535364e+02
1.309000000000000000e+03 -1.566019364129822975e+02
1.310000000000000000e+03 -1.565519468543231483e+02
1.311000000000000000e+03 -1.565020325682613418e+02
1.312000000000000000e+03 -1.564521933882787721e+02
1.313000000000000000e+03 -1.564024291483517857e+02
1.314000000000000000e+03 -1.563527396829497604e+02
1.315000000000000000e+03 -1.563031248270328604e+02
1.316000000000000000e+03 -1.562535844160505576e+02
1.317000000000000000e+03 -1.562041182859396429e+02
1.318000000000000000e+03 -1.561547262731226908e+02
1.319000000000000000e+03 -1.561054082145058430e+02
1.320000000000000000e+03 -1.560561639474775859e+02
1.321000000000000000e+03 -1.560069933099064770e+02
1.322000000000000000e+03 -1.559578961401397237e+02
1.323000000000000000e+03 -1.559088722770012794e+02
1.324000000000000000e+03 -1.558599215597901946e+02
1.325000000000000000e+03 -1.558110438282787698e+02
1.326000000000000000e+03 -1.557622389227110205e+02
1.327000000000000000e+03 -1.557135066838005741e+02
1.328000000000000000e+03 -1.556648469527295617e+02
1.329000000000000000e+03 -1.556162595711462018e+02
1.330000000000000000e+03 -1.555677443811638625e+02
1.331000000000000000e+03 -1.555193012253585323e+02
1.332000000000000000e+03 -1.554709299467679671e+02
1.333000000000000000e+03 -1.554226303888894449e+02
1.334000000000000000e+03 -1.553744023956783451e+02
1.335000000000000000e+03 -1.553262458115463289e+02
1.336000000000000000e+03 -1.552781604813599756e+02
1.337000000000000000e+03 -1.552301462504387075e+02
1.338000000000000000e+03 -1.551822029645536247e+02
1.339000000000000000e+03 -1.551343304699254304e+02
1.340000000000000000e+03 -1.550865286132231233e+02
1.341000000000000000e+03 -1.550387972415623494e+02
1.342000000000000000e+03 -1.549911362025035260e+02
1.343000000000000000e+03 -1.549435453440504205e+02
1.344000000000000000e+03 -1.548960245146487580e+02
1.345000000000000000e+03 -1.548485735631842317e+02
1.346000000000000000e+03 -1.548011923389813091e+02
1.347000000000000000e+03 -1.547538806918011574e+02
1.348000000000000000e+03 -1.547066384718407051e+02
1.349000000000000000e+03 -1.546594655297304257e+02
1.350000000000000000e+03 -1.546123617165334281e+02
1.351000000000000000e+03 -1.545653268837432961e+02
1.352000000000000000e+03 -1.545183608832829805e+02
1.353000000000000000e+03 -1.544714635675031218e+02
1.354000000000000000e+03 -1.544246347891804021e+02
1.355000000000000000e+03 -1.543778744015162090e+02
1.356000000000000000e+03 -1.543311822581350441e+02
1.357000000000000000e+03 -1.542845582130829030e+02
1.358000000000000000e+03 -1.542380021208259961e+02
1.359000000000000000e+03 -1.541915138362489870e+02
1.360000000000000000e+03 -1.541450932146538833e+02
1.361000000000000000e+03 -1.540987401117578202e+02
1.362000000000000000e+03 -1.540524543836926910e+02
1.363000000000000000e+03 -1.540062358847656867e+02
1.364000000000000000e+03 -1.539600844531729251e+02
1.365000000000000000e+03 -1.539139999201425724e+02
1.366000000000000000e+03 -1.538679821173137441e+02
1.367000000000000000e+03 -1.538220308767699009e+02
1.368000000000000000e+03 -1.537761460310375412e+02
1.369000000000000000e+03 -1.537303274130845807e+02
1.370000000000000000e+03 -1.536845748563192444e+02
1.371000000000000000e+03 -1.536388881945885032e+02
1.372000000000000000e+03 -1.535932672621766528e+02
1.373000000000000000e+03 -1.535477118938041201e+02
1.374000000000000000e+03 -1.535022219246259851e+02
1.375000000000000000e+03 -1.534567971902305317e+02
1.376000000000000000e+03 -1.534114375266380534e+02
1.377000000000000000e+03 -1.533661427702993763e+02
1.378000000000000000e+03 -1.533209127580945506e+02
1.379000000000000000e+03 -1.532757473273314019e+02
1.380000000000000000e+03 -1.532306463157443943e+02
1.381000000000000000e+03 -1.531856095614932372e+02
1.382000000000000000e+03 -1.531406369031612940e+02
1.383000000000000000e+03 -1.530957281797545022e+02
1.384000000000000000e+03 -1.530508832307001512e+02
1.385000000000000000e+03 -1.530061018958452905e+02
1.386000000000000000e+03 -1.529613840154556215e+02
1.387000000000000000e+03 -1.529167294302138203e+02
1.388000000000000000e+03 -1.528721379812190264e+02
1.389000000000000000e+03 -1.528276095099845122e+02
1.390000000000000000e+03 -1.527831438584371995e+02
1.391000000000000000e+03 -1.527387408689159827e+02
1.392000000000000000e+03 -1.526944003841706774e+02
1.393000000000000000e+03 -1.526501222473604287e+02
1.394000000000000000e+03 -1.526059063020526310e+02
1.395000000000000000e+03 -1.525617523922216776e+02
1.396000000000000000e+03 -1.525176603675019749e+02
1.397000000000000000e+03 -1.524736301030866343e+02
1.398000000000000000e+03 -1.524296614820511024e+02
1.399000000000000000e+03 -1.523857543878182241e+02
1.400000000000000000e+03 -1.523419087041561113e+02
1.401000000000000000e+03 -1.522981243151765227e+02
1.402000000000000000e+03 -1.522544011053337272e+02
1.403000000000000000e+03 -1.522107389594233098e+02
1.404000000000000000e+03 -1.521671377625807224e+02
1.405000000000000000e+03 -1.521235974002801754e+02
1.406000000000000000e+03 -1.520801177583334152e+02
1.407000000000000000e+03 -1.520366987228881044e+02
1.408000000000000000e+03 -1.519933401804271966e+02
1.409000000000000000e+03 -1.519500420177673448e+02
1.410000000000000000e+03 -1.519068041220575367e+02
1.411000000000000000e+03 -1.518636263807781006e+02
1.412000000000000000e+03 -1.518205086817395113e+02
1.413000000000000000e+03 -1.517774509130809975e+02
1.414000000000000000e+03 -1.517344529632695469e+02
1.415000000000000000e+03 -1.516915147210984287e+02
1.416000000000000000e+03 -1.516486360756861700e+02
1.417000000000000000e+03 -1.516058169164754474e+02
1.418000000000000000e+03 -1.515630571332316094e+02
1.419000000000000000e+03 -1.515203566160419939e+02
1.420000000000000000e+03 -1.514777152553140525e+02
1.421000000000000000e+03 -1.514351329417747536e+02
1.422000000000000000e+03 -1.513926095664691900e+02
1.423000000000000000e+03 -1.513501450207594416e+02
1.424000000000000000e+03 -1.513077391963234675e+02
1.425000000000000000e+03 -1.512653919851537978e+02
1.426000000000000000e+03 -1.512231032795564829e+02
1.427000000000000000e+03 -1.511808729721500129e+02
1.428000000000000000e+03 -1.511387009558642376e+02
1.429000000000000000e+03 -1.510965871239389742e+02
1.430000000000000000e+03 -1.510545313699229553e+02
1.431000000000000000e+03 -1.510125335876728911e+02
1.432000000000000000e+03 -1.509705936713522192e+02
1.433000000000000000e+03 -1.509287115154299386e+02
1.434000000000000000e+03 -1.508868870146798145e+02
1.435000000000000000e+03 -1.508451200641785590e+02
1.436000000000000000e+03 -1.508034105593055756e+02
1.437000000000000000e+03 -1.507617583957414240e+02
1.438000000000000000e+03 -1.507201634694665699e+02
1.439000000000000000e+03 -1.506786256767607597e+02
1.440000000000000000e+03 -1.506371449142016274e+02
1.441000000000000000e+03 -1.505957210786636153e+02
1.442000000000000000e+03 -1.505543540673170639e+02
1.443000000000000000e+03 -1.505130437776269048e+02
1.444000000000000000e+03 -1.504717901073519499e+02
1.445000000000000000e+03 -1.504305929545434708e+02
1.446000000000000000e+03 -1.503894522175444024e+02
1.447000000000000000e+03 -1.503483677949880644e+02
1.448000000000000000e+03 -1.503073395857973367e+02
1.449000000000000000e+03 -1.502663674891834660e+02
1.450000000000000000e+03 -1.502254514046452414e+02
1.451000000000000000e+03 -1.501845912319675165e+02
1.452000000000000000e+03 -1.501437868712207262e+02
1.453000000000000000e+03 -1.501030382227594373e+02
1.454000000000000000e+03 -1.500623451872217515e+02
1.455000000000000000e+03 -1.500217076655276571e+02
1.456000000000000000e+03 -1.499811255588787446e+02
1.457000000000000000e+03 -1.499405987687566153e+02
1.458000000000000000e+03 -1.499001271969222842e+02
1.459000000000000000e+03 -1.498597107454148727e+02
1.460000000000000000e+03 -1.498193493165508414e+02
1.461000000000000000e+03 -1.497790428129229383e+02
1.462000000000000000e+03 -1.497387911373991471e+02
1.463000000000000000e+03 -1.496985941931216644e+02
1.464000000000000000e+03 -1.496584518835061317e+02
1.465000000000000000e+03 -1.496183641122405561e+02
1.466000000000000000e+03 -1.495783307832841160e+02
1.467000000000000000e+03 -1.495383518008667068e+02
1.468000000000000000e+03 -1.494984270694873487e+02
1.469000000000000000e+03 -1.494585564939137896e+02
1.470000000000000000e+03 -1.494187399787525408e+02
1.471000000000000000e+03 -1.493789774190232151e+02
1.472000000000000000e+03 -1.493392687001762056e+02
1.473000000000000000e+03 -1.492996137075290619e+02
1.474000000000000000e+03 -1.492600123266944934e+02
1.475000000000000000e+03 -1.492204644435793455e+02
1.476000000000000000e+03 -1.491809699443837189e+02
1.477000000000000000e+03 -1.491415287156000602e+02
1.478000000000000000e+03 -1.491021406440121382e+02
1.479000000000000000e+03 -1.490628056166942770e+02
1.480000000000000000e+03 -1.490235235210102474e+02
1.481000000000000000e+03 -1.489842942446125846e+02
1.482000000000000000e+03 -1.489451176754416508e+02
1.483000000000000000e+03 -1.489059937017243556e+02
1.484000000000000000e+03 -1.488669222119740141e+02
1.485000000000000000e+03 -1.488279030949885566e+02
1.486000000000000000e+03 -1.487889362398504147e+02
1.487000000000000000e+03 -1.487500215359250149e+02
1.488000000000000000e+03 -1.487111588728604659e+02
1.489000000000000000e+03 -1.486723481405861094e+02
1.490000000000000000e+03 -1.486335892293121788e+02
1.491000000000000000e+03 -1.485948820295284634e+02
1.492000000000000000e+03 -1.485562264320037684e+02
1.493000000000000000e+03 -1.485176223277847498e+02
1.494000000000000000e+03 -1.484790696081954593e+02
1.495000000000000000e+03 -1.484405681648360087e+02
1.496000000000000000e+03 -1.484021178895820299e+02
1.497000000000000000e+03 -1.483637186745838221e+02
1.498000000000000000e+03 -1.483253704122652152e+02
1.499000000000000000e+03 -1.482870729953230580e+02
1.500000000000000000e+03 -1.482488263167261096e+02
