2.000000000000000000e+02 5.490183786004397604e+01
2.010000000000000000e+02 5.469158199614992810e+01
2.020000000000000000e+02 5.450007659285333261e+01
2.030000000000000000e+02 5.432664313617102891e+01
2.040000000000000000e+02 5.417053795704433838e+01
2.050000000000000000e+02 5.403095545414618783e+01
2.060000000000000000e+02 5.390703173350390642e+01
2.070000000000000000e+02 5.379786990426427451e+01
2.080000000000000000e+02 5.370337464627962021e+01
2.090000000000000000e+02 5.362461635176696007e+01
2.100000000000000000e+02 5.356287572354276705e+01
2.110000000000000000e+02 5.351955947946647285e+01
2.120000000000000000e+02 5.349618494952491687e+01
2.130000000000000000e+02 5.349436373538348732e+01
2.140000000000000000e+02 5.351577803943801115e+01
2.150000000000000000e+02 5.355893464987714481e+01
2.160000000000000000e+02 5.361944796071489350e+01
2.170000000000000000e+02 5.369709480643639665e+01
2.180000000000000000e+02 5.379183837697979698e+01
2.190000000000000000e+02 5.390364096209482625e+01
2.200000000000000000e+02 5.403246301094662130e+01
2.210000000000000000e+02 5.417826222620904275e+01
2.220000000000000000e+02 5.434099268534141913e+01
2.230000000000000000e+02 5.452060398215252945e+01
2.240000000000000000e+02 5.471704038222608801e+01
2.250000000000000000e+02 5.493023998632256877e+01
2.260000000000000000e+02 5.516013389644751896e+01
2.270000000000000000e+02 5.540664526454013128e+01
2.280000000000000000e+02 5.566967456735682163e+01
2.290000000000000000e+02 5.594908540432874844e+01
2.300000000000000000e+02 5.624472772197086812e+01
2.310000000000000000e+02 5.655644562129862152e+01
2.320000000000000000e+02 5.688411148193704037e+01
2.330000000000000000e+02 5.722760364242822817e+01
2.340000000000000000e+02 5.758678705444327761e+01
2.350000000000000000e+02 5.796151209525720560e+01
2.360000000000000000e+02 5.835161346436857599e+01
2.370000000000000000e+02 5.875690906822820381e+01
2.380000000000000000e+02 5.917719875588720413e+01
2.390000000000000000e+02 5.961221848666049539e+01
2.400000000000000000e+02 6.006157715284699350e+01
2.410000000000000000e+02 6.052488593431682062e+01
2.420000000000000000e+02 6.100185378599594088e+01
2.430000000000000000e+02 6.149219213139066653e+01
2.440000000000000000e+02 6.199558923540149635e+01
2.450000000000000000e+02 6.251170909578021906e+01
2.460000000000000000e+02 6.304019037154569816e+01
2.470000000000000000e+02 6.358064535764859926e+01
2.480000000000000000e+02 6.413265901588974316e+01
2.490000000000000000e+02 6.469578687879844381e+01
2.500000000000000000e+02 6.526954456878262079e+01
2.510000000000000000e+02 6.585341294423598413e+01
2.520000000000000000e+02 6.644684379387857120e+01
2.530000000000000000e+02 6.704925952678773626e+01
2.540000000000000000e+02 6.766005291993970161e+01
2.550000000000000000e+02 6.827858699572870194e+01
2.560000000000000000e+02 6.890419504037946297e+01
2.570000000000000000e+02 6.953618077385257834e+01
2.580000000000000000e+02 7.017381868135420575e+01
2.590000000000000000e+02 7.081635451592310915e+01
2.600000000000000000e+02 7.146300598074591903e+01
2.610000000000000000e+02 7.211296359885994889e+01
2.620000000000000000e+02 7.276539177672316328e+01
2.630000000000000000e+02 7.341943006678218353e+01
2.640000000000000000e+02 7.407419463262932879e+01
2.650000000000000000e+02 7.472877991865159686e+01
2.660000000000000000e+02 7.538226262226011443e+01
2.670000000000000000e+02 7.603371616424406909e+01
2.680000000000000000e+02 7.668220182877459479e+01
2.690000000000000000e+02 7.732676370864578530e+01
2.700000000000000000e+02 7.796643135601914310e+01
2.710000000000000000e+02 7.860021561636986576e+01
2.720000000000000000e+02 7.922710099897646785e+01
2.730000000000000000e+02 7.984606944379298454e+01
2.740000000000000000e+02 8.045610770805279799e+01
2.750000000000000000e+02 8.105621074839095286e+01
2.760000000000000000e+02 8.164538663888033909e+01
2.770000000000000000e+02 8.222267155574152753e+01
2.780000000000000000e+02 8.278712311293845971e+01
2.790000000000000000e+02 8.333781519164911344e+01
2.800000000000000000e+02 8.387384178419100067e+01
2.810000000000000000e+02 8.439432052316668376e+01
2.820000000000000000e+02 8.489839238553950906e+01
2.830000000000000000e+02 8.538522890289226552e+01
2.840000000000000000e+02 8.585403957221275562e+01
2.850000000000000000e+02 8.630407512788632118e+01
2.860000000000000000e+02 8.673463054230016667e+01
2.870000000000000000e+02 8.714504779925003675e+01
2.880000000000000000e+02 8.753471841563793987e+01
2.890000000000000000e+02 8.790308568950358392e+01
2.900000000000000000e+02 8.824964673893124711e+01
2.910000000000000000e+02 8.857395503871148890e+01
2.920000000000000000e+02 8.887562115948935570e+01
2.930000000000000000e+02 8.915431314254051642e+01
2.940000000000000000e+02 8.940975739122114874e+01
2.950000000000000000e+02 8.964173924107937808e+01
2.960000000000000000e+02 8.985010319068774720e+01
2.970000000000000000e+02 9.003475279129284559e+01
2.980000000000000000e+02 9.019564982753267657e+01
2.990000000000000000e+02 9.033281314286718100e+01
3.000000000000000000e+02 9.044631800138131439e+01
3.010000000000000000e+02 9.053710805313616561e+01
3.020000000000000000e+02 9.060582856028199217e+01
3.030000000000000000e+02 9.065298246107332147e+01
3.040000000000000000e+02 9.067909390314297013e+01
3.050000000000000000e+02 9.068468427044716407e+01
3.060000000000000000e+02 9.067025034538009720e+01
3.070000000000000000e+02 9.063624478277780838e+01
3.080000000000000000e+02 9.058305849398638543e+01
3.090000000000000000e+02 9.051100478311360575e+01
3.100000000000000000e+02 9.042030504909297406e+01
3.110000000000000000e+02 9.031115747460110299e+01
3.120000000000000000e+02 9.018402234866123024e+01
3.130000000000000000e+02 9.003946306502561470e+01
3.140000000000000000e+02 8.987807812214933278e+01
3.150000000000000000e+02 8.970050195835139561e+01
3.160000000000000000e+02 8.950740541350361923e+01
3.170000000000000000e+02 8.929949580811590693e+01
3.180000000000000000e+02 8.907751663669429831e+01
3.190000000000000000e+02 8.884224687827733646e+01
3.200000000000000000e+02 8.859449993298589732e+01
3.210000000000000000e+02 8.833508586987396427e+01
3.220000000000000000e+02 8.806468665915636507e+01
3.230000000000000000e+02 8.778393874207314695e+01
3.240000000000000000e+02 8.749346415327188708e+01
3.250000000000000000e+02 8.719386903172781444e+01
3.260000000000000000e+02 8.688574233334666985e+01
3.270000000000000000e+02 8.656965473646553733e+01
3.280000000000000000e+02 8.624615773056626722e+01
3.290000000000000000e+02 8.591578287783630685e+01
3.300000000000000000e+02 8.557904123673513652e+01
3.310000000000000000e+02 8.523642181210237823e+01
3.320000000000000000e+02 8.488838181321632703e+01
3.330000000000000000e+02 8.453534998891409202e+01
3.340000000000000000e+02 8.417773161897751777e+01
3.350000000000000000e+02 8.381591934096952912e+01
3.360000000000000000e+02 8.345034554900126977e+01
3.370000000000000000e+02 8.308144918117298516e+01
3.380000000000000000e+02 8.270965550694438662e+01
3.390000000000000000e+02 8.233537605950057525e+01
3.400000000000000000e+02 8.195900863429338301e+01
3.410000000000000000e+02 8.158093669570453699e+01
3.420000000000000000e+02 8.120152179729596753e+01
3.430000000000000000e+02 8.082110546989549960e+01
3.440000000000000000e+02 8.044001465721746058e+01
3.450000000000000000e+02 8.005856205628114708e+01
3.460000000000000000e+02 7.967704637278988855e+01
3.470000000000000000e+02 7.929575263090328008e+01
3.480000000000000000e+02 7.891495390698572976e+01
3.490000000000000000e+02 7.853491229828794928e+01
3.500000000000000000e+02 7.815587746164163718e+01
3.510000000000000000e+02 7.777808274559518509e+01
3.520000000000000000e+02 7.740173303459832255e+01
3.530000000000000000e+02 7.702701665892286087e+01
3.540000000000000000e+02 7.665410980033067290e+01
3.550000000000000000e+02 7.628317694653520675e+01
3.560000000000000000e+02 7.591437134407209442e+01
3.570000000000000000e+02 7.554783544789030714e+01
3.580000000000000000e+02 7.518370136616813681e+01
3.590000000000000000e+02 7.482209129904205724e+01
3.600000000000000000e+02 7.446311797010683620e+01
3.610000000000000000e+02 7.410688504969800761e+01
3.620000000000000000e+02 7.376323035592841393e+01
3.630000000000000000e+02 7.344431706032492002e+01
3.640000000000000000e+02 7.314346601060366027e+01
3.650000000000000000e+02 7.285459178201253394e+01
3.660000000000000000e+02 7.257246538272164571e+01
3.670000000000000000e+02 7.229259994469289552e+01
3.680000000000000000e+02 7.201098313047334898e+01
3.690000000000000000e+02 7.172374320536796688e+01
3.700000000000000000e+02 7.142680605971668228e+01
3.710000000000000000e+02 7.111631821252709074e+01
3.720000000000000000e+02 7.079317207231591169e+01
3.730000000000000000e+02 7.046029838418121471e+01
3.740000000000000000e+02 7.012043611204462934e+01
3.750000000000000000e+02 6.977620647420243927e+01
3.760000000000000000e+02 6.943017609177401539e+01
3.770000000000000000e+02 6.908490381003140612e+01
3.780000000000000000e+02 6.874297595305219488e+01
3.790000000000000000e+02 6.840703392351741741e+01
3.800000000000000000e+02 6.807979737126925102e+01
3.810000000000000000e+02 6.776371767722271500e+01
3.820000000000000000e+02 6.745931936516952021e+01
3.830000000000000000e+02 6.716641743794272656e+01
3.840000000000000000e+02 6.688476594814272858e+01
3.850000000000000000e+02 6.661405617516416555e+01
3.860000000000000000e+02 6.635391487638490560e+01
3.870000000000000000e+02 6.610390313596140288e+01
3.880000000000000000e+02 6.586351582896907075e+01
3.890000000000000000e+02 6.563218171407686441e+01
3.900000000000000000e+02 6.540926416427710421e+01
3.910000000000000000e+02 6.519406245589547666e+01
3.920000000000000000e+02 6.498603038097341766e+01
3.930000000000000000e+02 6.478508727098072484e+01
3.940000000000000000e+02 6.459123392480084647e+01
3.950000000000000000e+02 6.440449001857440692e+01
3.960000000000000000e+02 6.422489469091236458e+01
3.970000000000000000e+02 6.405250696494287865e+01
3.980000000000000000e+02 6.388740604354272534e+01
3.990000000000000000e+02 6.372969150965094087e+01
4.000000000000000000e+02 6.357948345971373527e+01
4.010000000000000000e+02 6.343691533857449372e+01
4.020000000000000000e+02 6.330194156186777832e+01
4.030000000000000000e+02 6.317427927702821222e+01
4.040000000000000000e+02 6.305363415211839850e+01
4.050000000000000000e+02 6.293971645039372476e+01
4.060000000000000000e+02 6.283224710271601055e+01
4.070000000000000000e+02 6.273096167498250253e+01
4.080000000000000000e+02 6.263560024446695707e+01
4.090000000000000000e+02 6.254590616685903370e+01
4.100000000000000000e+02 6.246162590514212809e+01
4.110000000000000000e+02 6.238250886891514568e+01
4.120000000000000000e+02 6.230831012647502831e+01
4.130000000000000000e+02 6.223881774951627222e+01
4.140000000000000000e+02 6.217384292746527308e+01
4.150000000000000000e+02 6.211320322464320043e+01
4.160000000000000000e+02 6.205672213009651728e+01
4.170000000000000000e+02 6.200422883709636324e+01
4.180000000000000000e+02 6.195555803114080362e+01
4.190000000000000000e+02 6.191054968617635268e+01
4.200000000000000000e+02 6.186904886875358756e+01
4.210000000000000000e+02 6.183090733350098134e+01
4.220000000000000000e+02 6.179601641802400280e+01
4.230000000000000000e+02 6.176429555165810825e+01
4.240000000000000000e+02 6.173566183889541747e+01
4.250000000000000000e+02 6.171002952961500654e+01
4.260000000000000000e+02 6.168731028391466253e+01
4.270000000000000000e+02 6.166741342376190715e+01
4.280000000000000000e+02 6.165024617180214506e+01
4.290000000000000000e+02 6.163571387766075560e+01
4.300000000000000000e+02 6.162372023205765714e+01
4.310000000000000000e+02 6.161416746904828301e+01
4.320000000000000000e+02 6.160695655669557880e+01
4.330000000000000000e+02 6.160198737646612699e+01
4.340000000000000000e+02 6.159915454728954387e+01
4.350000000000000000e+02 6.159834125149377115e+01
4.360000000000000000e+02 6.159944366089079892e+01
4.370000000000000000e+02 6.160237657000860167e+01
4.380000000000000000e+02 6.160707314133264845e+01
4.390000000000000000e+02 6.161348324198251447e+01
4.400000000000000000e+02 6.162157261000421471e+01
4.410000000000000000e+02 6.163132222398386517e+01
4.420000000000000000e+02 6.164272673099819855e+01
4.430000000000000000e+02 6.165578452925007724e+01
4.440000000000000000e+02 6.167049053223807675e+01
4.450000000000000000e+02 6.168683616320625873e+01
4.460000000000000000e+02 6.170480952356807336e+01
4.470000000000000000e+02 6.172439555668377409e+01
4.480000000000000000e+02 6.174557620739105346e+01
4.490000000000000000e+02 6.176833057708049068e+01
4.500000000000000000e+02 6.179263497240036429e+01
4.510000000000000000e+02 6.181845559598816209e+01
4.520000000000000000e+02 6.184574509081009097e+01
4.530000000000000000e+02 6.187445575862402336e+01
4.540000000000000000e+02 6.190454087824677032e+01
4.550000000000000000e+02 6.193595468233431234e+01
4.560000000000000000e+02 6.196865233486069968e+01
4.570000000000000000e+02 6.200258990927369496e+01
4.580000000000000000e+02 6.203772436730525897e+01
4.590000000000000000e+02 6.207401353841741809e+01
4.600000000000000000e+02 6.211141609986007239e+01
4.610000000000000000e+02 6.214989151585843530e+01
4.620000000000000000e+02 6.218939989790557377e+01
4.630000000000000000e+02 6.222990211699050889e+01
4.640000000000000000e+02 6.227135982820907145e+01
4.650000000000000000e+02 6.231373545355762644e+01
4.660000000000000000e+02 6.235699440600617294e+01
4.670000000000000000e+02 6.240111500732007244e+01
4.680000000000000000e+02 6.244608054677226505e+01
4.690000000000000000e+02 6.249187517343423792e+01
4.700000000000000000e+02 6.253848382785328397e+01
4.710000000000000000e+02 6.258589230227229194e+01
4.720000000000000000e+02 6.263408723772703013e+01
4.730000000000000000e+02 6.268305610869713007e+01
4.740000000000000000e+02 6.273278720801720709e+01
4.750000000000000000e+02 6.278326963204892053e+01
4.760000000000000000e+02 6.283449326611204810e+01
4.770000000000000000e+02 6.288644877017573975e+01
4.780000000000000000e+02 6.293912756480767001e+01
4.790000000000000000e+02 6.299252181738113876e+01
4.800000000000000000e+02 6.304662442854029081e+01
4.810000000000000000e+02 6.310142901892118772e+01
4.820000000000000000e+02 6.315692991612925766e+01
4.830000000000000000e+02 6.321311955643443525e+01
4.840000000000000000e+02 6.326997707053716624e+01
4.850000000000000000e+02 6.332747754089018599e+01
4.860000000000000000e+02 6.338559668494963972e+01
4.870000000000000000e+02 6.344431085206117160e+01
4.880000000000000000e+02 6.350359706349549072e+01
4.890000000000000000e+02 6.356343294891192386e+01
4.900000000000000000e+02 6.362379670322848568e+01
4.910000000000000000e+02 6.368466707008646210e+01
4.920000000000000000e+02 6.374602332581670083e+01
4.930000000000000000e+02 6.380784526384707078e+01
4.940000000000000000e+02 6.387011317953403733e+01
4.950000000000000000e+02 6.393280785539976563e+01
4.960000000000000000e+02 6.399591054675679658e+01
4.970000000000000000e+02 6.405940296770684483e+01
4.980000000000000000e+02 6.412326727749378108e+01
4.990000000000000000e+02 6.418748606719958616e+01
5.000000000000000000e+02 6.425204234676625958e+01
5.010000000000000000e+02 6.431691952718037442e+01
5.020000000000000000e+02 6.438210247459032587e+01
5.030000000000000000e+02 6.444757880874296063e+01
5.040000000000000000e+02 6.451333668880350558e+01
5.050000000000000000e+02 6.457936447191499951e+01
5.060000000000000000e+02 6.464565071237970528e+01
5.070000000000000000e+02 6.471218416081345026e+01
5.080000000000000000e+02 6.477895376327552412e+01
5.090000000000000000e+02 6.484594866499024590e+01
5.100000000000000000e+02 6.491315836375194692e+01
5.110000000000000000e+02 6.498057274112120751e+01
5.120000000000000000e+02 6.504818187396988094e+01
5.130000000000000000e+02 6.511597602129738505e+01
5.140000000000000000e+02 6.518394562325457287e+01
5.150000000000000000e+02 6.525208130014679853e+01
5.160000000000000000e+02 6.532037385141416053e+01
5.170000000000000000e+02 6.538881425459038610e+01
5.180000000000000000e+02 6.545739366423991612e+01
5.190000000000000000e+02 6.552610341087336110e+01
5.200000000000000000e+02 6.559493499984121456e+01
5.210000000000000000e+02 6.566388011020637805e+01
5.220000000000000000e+02 6.573293059375093605e+01
5.230000000000000000e+02 6.580207851049942747e+01
5.240000000000000000e+02 6.587131619532571847e+01
5.250000000000000000e+02 6.594063621047450852e+01
5.260000000000000000e+02 6.601003133245927756e+01
5.270000000000000000e+02 6.607949454788136734e+01
5.280000000000000000e+02 6.614901904932854393e+01
5.290000000000000000e+02 6.621859823135160639e+01
5.300000000000000000e+02 6.628822568651651181e+01
5.310000000000000000e+02 6.635789520153007004e+01
5.320000000000000000e+02 6.642760075343913684e+01
5.330000000000000000e+02 6.649733650589851663e+01
5.340000000000000000e+02 6.656709680550967789e+01
5.350000000000000000e+02 6.663687617822520792e+01
5.360000000000000000e+02 6.670666932582051345e+01
5.370000000000000000e+02 6.677647112242854632e+01
5.380000000000000000e+02 6.684627661113847807e+01
5.390000000000000000e+02 6.691608100065494114e+01
5.400000000000000000e+02 6.698587966201824884e+01
5.410000000000000000e+02 6.705566815600629127e+01
5.420000000000000000e+02 6.712544290465078234e+01
5.430000000000000000e+02 6.719520119221388654e+01
5.440000000000000000e+02 6.726494049015752807e+01
5.450000000000000000e+02 6.733465842355596465e+01
5.460000000000000000e+02 6.740435276814615406e+01
5.470000000000000000e+02 6.747402136448582155e+01
5.480000000000000000e+02 6.754366179308684082e+01
5.490000000000000000e+02 6.761327166710083247e+01
5.500000000000000000e+02 6.768284875836707215e+01
5.510000000000000000e+02 6.775239099456831582e+01
5.520000000000000000e+02 6.782189645639247999e+01
5.530000000000000000e+02 6.789136337473635763e+01
5.540000000000000000e+02 6.796079012795318874e+01
5.550000000000000000e+02 6.803017523913985087e+01
5.560000000000000000e+02 6.809951737346702316e+01
5.570000000000000000e+02 6.816881533554870032e+01
5.580000000000000000e+02 6.823806806685225013e+01
5.590000000000000000e+02 6.830727464314770714e+01
5.600000000000000000e+02 6.837643427199586199e+01
5.610000000000000000e+02 6.844554629027433634e+01
5.620000000000000000e+02 6.851461016174280871e+01
5.630000000000000000e+02 6.858362547464319903e+01
5.640000000000000000e+02 6.865259193933897564e+01
5.650000000000000000e+02 6.872150938598900893e+01
5.660000000000000000e+02 6.879037776225823109e+01
5.670000000000000000e+02 6.885919713106267182e+01
5.680000000000000000e+02 6.892796766835014921e+01
5.690000000000000000e+02 6.899668966091459765e+01
5.700000000000000000e+02 6.906536350424435966e+01
5.710000000000000000e+02 6.913398970040438485e+01
5.720000000000000000e+02 6.920256885595007645e+01
5.730000000000000000e+02 6.927110167536902452e+01
5.740000000000000000e+02 6.933958885990431043e+01
5.750000000000000000e+02 6.940803110540953469e+01
5.760000000000000000e+02 6.947642919925424110e+01
5.770000000000000000e+02 6.954478402288643224e+01
5.780000000000000000e+02 6.961310110882770630e+01
5.790000000000000000e+02 6.968140200098828529e+01
5.800000000000000000e+02 6.974970696176850993e+01
5.810000000000000000e+02 6.981801474713071798e+01
5.820000000000000000e+02 6.988631782552927518e+01
5.830000000000000000e+02 6.995460899089124496e+01
5.840000000000000000e+02 7.002288136033210719e+01
5.850000000000000000e+02 7.009112837007924668e+01
5.860000000000000000e+02 7.015934377146315626e+01
5.870000000000000000e+02 7.022752162697344147e+01
5.880000000000000000e+02 7.029565667613721303e+01
5.890000000000000000e+02 7.036375534332852055e+01
5.900000000000000000e+02 7.043183599621808355e+01
5.910000000000000000e+02 7.049990630241589429e+01
5.920000000000000000e+02 7.056796062332739439e+01
5.930000000000000000e+02 7.063598353887425674e+01
5.940000000000000000e+02 7.070395897536771201e+01
5.950000000000000000e+02 7.077187085796303734e+01
5.960000000000000000e+02 7.083970311254509511e+01
5.970000000000000000e+02 7.090743966761478134e+01
5.980000000000000000e+02 7.097506445617713666e+01
5.990000000000000000e+02 7.104256141762833465e+01
6.000000000000000000e+02 7.110991449964141964e+01
6.010000000000000000e+02 7.117710766004836387e+01
6.020000000000000000e+02 7.124412486871891304e+01
6.030000000000000000e+02 7.131095010943215584e+01
6.040000000000000000e+02 7.137756738174316240e+01
6.050000000000000000e+02 7.144396070283978872e+01
6.060000000000000000e+02 7.151011410939145208e+01
6.070000000000000000e+02 7.157601165938625343e+01
6.080000000000000000e+02 7.164163743395670281e+01
6.090000000000000000e+02 7.170697553919259803e+01
6.100000000000000000e+02 7.177201010793923786e+01
6.110000000000000000e+02 7.183672585732658433e+01
6.120000000000000000e+02 7.190112032462833724e+01
6.130000000000000000e+02 7.196520390041898452e+01
6.140000000000000000e+02 7.202898761384469140e+01
6.150000000000000000e+02 7.209248257427786655e+01
6.160000000000000000e+02 7.215569996849632162e+01
6.170000000000000000e+02 7.221865105793200712e+01
6.180000000000000000e+02 7.228134717598881309e+01
6.190000000000000000e+02 7.234379972542780024e+01
6.200000000000000000e+02 7.240602017581979055e+01
6.210000000000000000e+02 7.246802006257181006e+01
6.220000000000000000e+02 7.252981098924753667e+01
6.230000000000000000e+02 7.259140462105692393e+01
6.240000000000000000e+02 7.265281268110088320e+01
6.250000000000000000e+02 7.271404694813246294e+01
6.260000000000000000e+02 7.277511925437850948e+01
6.270000000000000000e+02 7.283604148342088536e+01
6.280000000000000000e+02 7.289682556813620806e+01
6.290000000000000000e+02 7.295748348869243216e+01
6.300000000000000000e+02 7.301802727060247378e+01
6.310000000000000000e+02 7.307846898283214898e+01
6.320000000000000000e+02 7.313882073596261080e+01
6.330000000000000000e+02 7.319909432298079821e+01
6.340000000000000000e+02 7.325929335214355831e+01
6.350000000000000000e+02 7.331941323697780888e+01
6.360000000000000000e+02 7.337944905573027654e+01
6.370000000000000000e+02 7.343939590885022994e+01
6.380000000000000000e+02 7.349924891912399971e+01
6.390000000000000000e+02 7.355900323180684097e+01
6.400000000000000000e+02 7.361865401475070314e+01
6.410000000000000000e+02 7.367819645852961230e+01
6.420000000000000000e+02 7.373762577656040662e+01
6.430000000000000000e+02 7.379693720522101330e+01
6.440000000000000000e+02 7.385612600431480246e+01
6.450000000000000000e+02 7.391518761176585883e+01
6.460000000000000000e+02 7.397411787692000473e+01
6.470000000000000000e+02 7.403291271235696058e+01
6.480000000000000000e+02 7.409156802988121626e+01
6.490000000000000000e+02 7.415007974091012954e+01
6.500000000000000000e+02 7.420844375686094452e+01
6.510000000000000000e+02 7.426665598953285041e+01
6.520000000000000000e+02 7.432471235148774724e+01
6.530000000000000000e+02 7.438260875642615133e+01
6.540000000000000000e+02 7.444034111956015920e+01
6.550000000000000000e+02 7.449790535798356927e+01
6.560000000000000000e+02 7.455529739103748454e+01
6.570000000000000000e+02 7.461251306652071946e+01
6.580000000000000000e+02 7.466954755541625843e+01
6.590000000000000000e+02 7.472639569708631768e+01
6.600000000000000000e+02 7.478305237889099999e+01
6.610000000000000000e+02 7.483951254068971082e+01
6.620000000000000000e+02 7.489577117760063629e+01
6.630000000000000000e+02 7.495182333684029174e+01
6.640000000000000000e+02 7.500766411644400478e+01
6.650000000000000000e+02 7.506328866495763918e+01
6.660000000000000000e+02 7.511869218112440194e+01
6.670000000000000000e+02 7.517386991356660531e+01
6.680000000000000000e+02 7.522881716109310446e+01
6.690000000000000000e+02 7.528352944475743413e+01
6.700000000000000000e+02 7.533800273031697259e+01
6.710000000000000000e+02 7.539223306317695972e+01
6.720000000000000000e+02 7.544621650818037040e+01
6.730000000000000000e+02 7.549994914966197257e+01
6.740000000000000000e+02 7.555342709149623204e+01
6.750000000000000000e+02 7.560664672959669019e+01
6.760000000000000000e+02 7.565961506696888250e+01
6.770000000000000000e+02 7.571235285902464796e+01
6.780000000000000000e+02 7.576488176149898379e+01
6.790000000000000000e+02 7.581722340864519083e+01
6.800000000000000000e+02 7.586939941134212972e+01
6.810000000000000000e+02 7.592143135524743514e+01
6.820000000000000000e+02 7.597334079899022186e+01
6.830000000000000000e+02 7.602514927240089548e+01
6.840000000000000000e+02 7.607687827477343490e+01
6.850000000000000000e+02 7.612854927315578379e+01
6.860000000000000000e+02 7.618018370066567968e+01
6.870000000000000000e+02 7.623180295482656277e+01
6.880000000000000000e+02 7.628342839592113478e+01
6.890000000000000000e+02 7.633508134535838963e+01
6.900000000000000000e+02 7.638678308404962536e+01
6.910000000000000000e+02 7.643855485079141943e+01
6.920000000000000000e+02 7.649041784065030924e+01
6.930000000000000000e+02 7.654239320334666274e+01
6.940000000000000000e+02 7.659450204163356091e+01
6.950000000000000000e+02 7.664675829115343220e+01
6.960000000000000000e+02 7.669914739289100680e+01
6.970000000000000000e+02 7.675164770036722928e+01
6.980000000000000000e+02 7.680423760694816337e+01
6.990000000000000000e+02 7.685689554738500817e+01
7.000000000000000000e+02 7.690959999934608504e+01
7.010000000000000000e+02 7.696232949069531060e+01
7.020000000000000000e+02 7.701506261850052226e+01
7.030000000000000000e+02 7.706777803364965962e+01
7.040000000000000000e+02 7.712045443660838373e+01
7.050000000000000000e+02 7.717307057885267341e+01
7.060000000000000000e+02 7.722560526427494665e+01
7.070000000000000000e+02 7.727803734982013850e+01
7.080000000000000000e+02 7.733034572918352012e+01
7.090000000000000000e+02 7.738250933463226033e+01
7.100000000000000000e+02 7.743450715771228943e+01
7.110000000000000000e+02 7.748631825139716511e+01
7.120000000000000000e+02 7.753792173123449061e+01
7.130000000000000000e+02 7.758929677644444212e+01
7.140000000000000000e+02 7.764042263096860097e+01
7.150000000000000000e+02 7.769127860446386080e+01
7.160000000000000000e+02 7.774184787913705463e+01
7.170000000000000000e+02 7.779212890809009195e+01
7.180000000000000000e+02 7.784212396255489352e+01
7.190000000000000000e+02 7.789183532064716076e+01
7.200000000000000000e+02 7.794126526701732871e+01
7.210000000000000000e+02 7.799041609250799922e+01
7.220000000000000000e+02 7.803929009381953108e+01
7.230000000000000000e+02 7.808788957318218138e+01
7.240000000000000000e+02 7.813621683803488338e+01
7.250000000000000000e+02 7.818427420071158451e+01
7.260000000000000000e+02 7.823206397813372348e+01
7.270000000000000000e+02 7.827958849150935805e+01
7.280000000000000000e+02 7.832685006603912825e+01
7.290000000000000000e+02 7.837385103062774760e+01
7.300000000000000000e+02 7.842059371760308295e+01
7.310000000000000000e+02 7.846708046243978174e+01
7.320000000000000000e+02 7.851331360349007582e+01
7.330000000000000000e+02 7.855929548172012744e+01
7.340000000000000000e+02 7.860502844045210225e+01
7.350000000000000000e+02 7.865051482511159975e+01
7.360000000000000000e+02 7.869575698298183397e+01
7.370000000000000000e+02 7.874075726296170785e+01
7.380000000000000000e+02 7.878551801533066623e+01
7.390000000000000000e+02 7.883004159151769841e+01
7.400000000000000000e+02 7.887433034387628084e+01
7.410000000000000000e+02 7.891838662546439309e+01
7.420000000000000000e+02 7.896221278982866920e+01
7.430000000000000000e+02 7.900581119079446069e+01
7.440000000000000000e+02 7.904918418225986443e+01
7.450000000000000000e+02 7.909233411799499436e+01
7.460000000000000000e+02 7.913526335144570112e+01
7.470000000000000000e+02 7.917797423554124236e+01
7.480000000000000000e+02 7.922046912250732476e+01
7.490000000000000000e+02 7.926275036368272708e+01
7.500000000000000000e+02 7.930482030933988824e+01
7.510000000000000000e+02 7.934668130851116530e+01
7.520000000000000000e+02 7.938833570881672586e+01
7.530000000000000000e+02 7.942978585629849420e+01
7.540000000000000000e+02 7.947103409525728068e+01
7.550000000000000000e+02 7.951208276809299491e+01
7.560000000000000000e+02 7.955293421514973318e+01
7.570000000000000000e+02 7.959359077456331022e+01
7.580000000000000000e+02 7.963405478211362265e+01
7.590000000000000000e+02 7.967432857107908717e+01
7.600000000000000000e+02 7.971441447209556941e+01
7.610000000000000000e+02 7.975431481301805547e+01
7.620000000000000000e+02 7.979403191878553514e+01
7.630000000000000000e+02 7.983356811128943775e+01
7.640000000000000000e+02 7.987292570924458346e+01
7.650000000000000000e+02 7.991210702806364452e+01
7.660000000000000000e+02 7.995111437973415036e+01
7.670000000000000000e+02 7.998995007269869006e+01
7.680000000000000000e+02 8.002861641173747387e+01
7.690000000000000000e+02 8.006711569785426263e+01
7.700000000000000000e+02 8.010545022816414473e+01
7.710000000000000000e+02 8.014362229578433983e+01
7.720000000000000000e+02 8.018163418972771694e+01
7.730000000000000000e+02 8.021948819479865733e+01
7.740000000000000000e+02 8.025718659149043788e+01
7.750000000000000000e+02 8.029473165588663619e+01
7.760000000000000000e+02 8.033212565956321782e+01
7.770000000000000000e+02 8.036937086949353670e+01
7.780000000000000000e+02 8.040646954795558088e+01
7.790000000000000000e+02 8.044342395244109412e+01
7.800000000000000000e+02 8.048023633556667278e+01
7.810000000000000000e+02 8.051690894498661066e+01
7.820000000000000000e+02 8.055344402330860021e+01
7.830000000000000000e+02 8.058984380801013003e+01
7.840000000000000000e+02 8.062611053135726991e+01
7.850000000000000000e+02 8.066224642032527470e+01
7.860000000000000000e+02 8.069825369652086522e+01
7.870000000000000000e+02 8.073413457610550381e+01
7.880000000000000000e+02 8.076989126972111421e+01
7.890000000000000000e+02 8.080552598241722251e+01
7.900000000000000000e+02 8.084104091357909283e+01
7.910000000000000000e+02 8.087643825685748311e+01
7.920000000000000000e+02 8.091172020010031929e+01
7.930000000000000000e+02 8.094688892528495217e+01
7.940000000000000000e+02 8.098194660845217641e+01
7.950000000000000000e+02 8.101689541964155694e+01
7.960000000000000000e+02 8.105173752282756539e+01
7.970000000000000000e+02 8.108647507585735070e+01
7.980000000000000000e+02 8.112111023038939095e+01
7.990000000000000000e+02 8.115564513183312556e+01
8.000000000000000000e+02 8.119008191928989504e+01
8.010000000000000000e+02 8.122442242321555739e+01
8.020000000000000000e+02 8.125866726100275628e+01
8.030000000000000000e+02 8.129281674810879110e+01
8.040000000000000000e+02 8.132687120092376176e+01
8.050000000000000000e+02 8.136083093674184852e+01
8.060000000000000000e+02 8.139469627373279081e+01
8.070000000000000000e+02 8.142846753091399137e+01
8.080000000000000000e+02 8.146214502812341607e+01
8.090000000000000000e+02 8.149572908599166965e+01
8.100000000000000000e+02 8.152922002591601824e+01
8.110000000000000000e+02 8.156261817003324666e+01
8.120000000000000000e+02 8.159592384119412145e+01
8.130000000000000000e+02 8.162913736293737088e+01
8.140000000000000000e+02 8.166225905946487273e+01
8.150000000000000000e+02 8.169528925561584742e+01
8.160000000000000000e+02 8.172822827684304059e+01
8.170000000000000000e+02 8.176107644918791095e+01
8.180000000000000000e+02 8.179383409925713977e+01
8.190000000000000000e+02 8.182650155419858606e+01
8.200000000000000000e+02 8.185907914167849242e+01
8.210000000000000000e+02 8.189156718985796601e+01
8.220000000000000000e+02 8.192396602737106548e+01
8.230000000000000000e+02 8.195627598330203512e+01
8.240000000000000000e+02 8.198849738716346280e+01
8.250000000000000000e+02 8.202063056887467951e+01
8.260000000000000000e+02 8.205267585874048564e+01
8.270000000000000000e+02 8.208463358742999105e+01
8.280000000000000000e+02 8.211650408595586725e+01
8.290000000000000000e+02 8.214828768565422479e+01
8.300000000000000000e+02 8.217998471816405015e+01
8.310000000000000000e+02 8.221159551540776533e+01
8.320000000000000000e+02 8.224312040957150316e+01
8.330000000000000000e+02 8.227455973308565262e+01
8.340000000000000000e+02 8.230591381860642741e+01
8.350000000000000000e+02 8.233718299899666704e+01
8.360000000000000000e+02 8.236836760730764695e+01
8.370000000000000000e+02 8.239946797676088863e+01
8.380000000000000000e+02 8.243048444073023973e+01
8.390000000000000000e+02 8.246141733272452257e+01
8.400000000000000000e+02 8.249226698636957167e+01
8.410000000000000000e+02 8.252303373539204756e+01
8.420000000000000000e+02 8.255371791360178690e+01
8.430000000000000000e+02 8.258431985487565896e+01
8.440000000000000000e+02 8.261483989314122311e+01
8.450000000000000000e+02 8.264527836236051428e+01
8.460000000000000000e+02 8.267563559651412675e+01
8.470000000000000000e+02 8.270591192958612226e+01
8.480000000000000000e+02 8.273610769554805699e+01
8.490000000000000000e+02 8.276622322834411705e+01
8.500000000000000000e+02 8.279625886187648121e+01
8.510000000000000000e+02 8.282621492999004431e+01
8.520000000000000000e+02 8.285609176645891694e+01
8.530000000000000000e+02 8.288588970444942561e+01
8.540000000000000000e+02 8.291560907405725800e+01
8.550000000000000000e+02 8.294525020406784677e+01
8.560000000000000000e+02 8.297481342292857676e+01
8.570000000000000000e+02 8.300429905874015901e+01
8.580000000000000000e+02 8.303370743924615738e+01
8.590000000000000000e+02 8.306303889182331091e+01
8.600000000000000000e+02 8.309229374347233943e+01
8.610000000000000000e+02 8.312147232080801018e+01
8.620000000000000000e+02 8.315057495005009969e+01
8.630000000000000000e+02 8.317960195701407144e+01
8.640000000000000000e+02 8.320855366710267731e+01
8.650000000000000000e+02 8.323743040529627990e+01
8.660000000000000000e+02 8.326623249614520716e+01
8.670000000000000000e+02 8.329496026376055795e+01
8.680000000000000000e+02 8.332361403180631498e+01
8.690000000000000000e+02 8.335219412349084678e+01
8.700000000000000000e+02 8.338070086155933325e+01
8.710000000000000000e+02 8.340913456828556605e+01
8.720000000000000000e+02 8.343749556546424628e+01
8.730000000000000000e+02 8.346578417440368014e+01
8.740000000000000000e+02 8.349400071591817607e+01
8.750000000000000000e+02 8.352214551032086831e+01
8.760000000000000000e+02 8.355021887741621356e+01
8.770000000000000000e+02 8.357822113649368134e+01
8.780000000000000000e+02 8.360615260632027912e+01
8.790000000000000000e+02 8.363401360513410054e+01
8.800000000000000000e+02 8.366180445063763216e+01
8.810000000000000000e+02 8.368952545999141535e+01
8.820000000000000000e+02 8.371717694980745250e+01
8.830000000000000000e+02 8.374475923614336637e+01
8.840000000000000000e+02 8.377227263449584882e+01
8.850000000000000000e+02 8.379971745979509024e+01
8.860000000000000000e+02 8.382709402639888197e+01
8.870000000000000000e+02 8.385440264808666200e+01
8.880000000000000000e+02 8.388164363805402957e+01
8.890000000000000000e+02 8.390881730890734502e+01
8.900000000000000000e+02 8.393592397265834393e+01
8.910000000000000000e+02 8.396296394071860902e+01
8.920000000000000000e+02 8.398993752389488066e+01
8.930000000000000000e+02 8.401684503238347190e+01
8.940000000000000000e+02 8.404368677576586322e+01
8.950000000000000000e+02 8.407046306310535044e+01
8.960000000000000000e+02 8.409717420410859745e+01
8.970000000000000000e+02 8.412382050874681738e+01
8.980000000000000000e+02 8.415040228642924092e+01
8.990000000000000000e+02 8.417691984598191368e+01
9.000000000000000000e+02 8.420337349564317719e+01
9.010000000000000000e+02 8.422976354305758662e+01
9.020000000000000000e+02 8.425609029527174698e+01
9.030000000000000000e+02 8.428235405872912622e+01
9.040000000000000000e+02 8.430855513926519507e+01
9.050000000000000000e+02 8.433469384210290798e+01
9.060000000000000000e+02 8.436077047184805622e+01
9.070000000000000000e+02 8.438678533248491931e+01
9.080000000000000000e+02 8.441273872737164652e+01
9.090000000000000000e+02 8.443863095923636308e+01
9.100000000000000000e+02 8.446446233017256588e+01
9.110000000000000000e+02 8.449023314163530074e+01
9.120000000000000000e+02 8.451594369443716914e+01
9.130000000000000000e+02 8.454159428874416449e+01
9.140000000000000000e+02 8.456718522407223304e+01
9.150000000000000000e+02 8.459271679928322385e+01
9.160000000000000000e+02 8.461818931258146392e+01
9.170000000000000000e+02 8.464360306150997815e+01
9.180000000000000000e+02 8.466895834294724921e+01
9.190000000000000000e+02 8.469425545310383541e+01
9.200000000000000000e+02 8.471949468751887480e+01
9.210000000000000000e+02 8.474467634105671721e+01
9.220000000000000000e+02 8.476980070790447996e+01
9.230000000000000000e+02 8.479486808156823940e+01
9.240000000000000000e+02 8.481987875487024553e+01
9.250000000000000000e+02 8.484483301994620774e+01
9.260000000000000000e+02 8.486973116824246688e+01
9.270000000000000000e+02 8.489457349051276935e+01
9.280000000000000000e+02 8.491936027681619237e+01
9.290000000000000000e+02 8.494409181651417384e+01
9.300000000000000000e+02 8.496876839826782657e+01
9.310000000000000000e+02 8.499339031003601974e+01
9.320000000000000000e+02 8.501795783907245152e+01
9.330000000000000000e+02 8.504247127192331845e+01
9.340000000000000000e+02 8.506693089442543965e+01
9.350000000000000000e+02 8.509133699170384091e+01
9.360000000000000000e+02 8.511568984816935313e+01
9.370000000000000000e+02 8.513998974751699222e+01
9.380000000000000000e+02 8.516423697272361437e+01
9.390000000000000000e+02 8.518843180604594068e+01
9.400000000000000000e+02 8.521257452901915030e+01
9.410000000000000000e+02 8.523666542245429412e+01
9.420000000000000000e+02 8.526070476643732832e+01
9.430000000000000000e+02 8.528469284032659914e+01
9.440000000000000000e+02 8.530862992275173440e+01
9.450000000000000000e+02 8.533251629161213714e+01
9.460000000000000000e+02 8.535635222407481137e+01
9.470000000000000000e+02 8.538013799657352365e+01
9.480000000000000000e+02 8.540387388480702668e+01
9.490000000000000000e+02 8.542756016373773775e+01
9.500000000000000000e+02 8.545119710759043130e+01
9.510000000000000000e+02 8.547478498985097417e+01
9.520000000000000000e+02 8.549832408326516031e+01
9.530000000000000000e+02 8.552181465983743180e+01
9.540000000000000000e+02 8.554525699082968515e+01
9.550000000000000000e+02 8.556865134676040441e+01
9.560000000000000000e+02 8.559199799740339643e+01
9.570000000000000000e+02 8.561529721178708030e+01
9.580000000000000000e+02 8.563854925819340735e+01
9.590000000000000000e+02 8.566175440415682374e+01
9.600000000000000000e+02 8.568491291646363095e+01
9.610000000000000000e+02 8.570802506115113317e+01
9.620000000000000000e+02 8.573109110350685569e+01
9.630000000000000000e+02 8.575411130806786275e+01
9.640000000000000000e+02 8.577708593861991915e+01
9.650000000000000000e+02 8.580001525819727703e+01
9.660000000000000000e+02 8.582289952908151065e+01
9.670000000000000000e+02 8.584573901280137420e+01
9.680000000000000000e+02 8.586853397013223343e+01
9.690000000000000000e+02 8.589128466109536930e+01
9.700000000000000000e+02 8.591399134495785006e+01
9.710000000000000000e+02 8.593665428023196284e+01
9.720000000000000000e+02 8.595927372467482996e+01
9.730000000000000000e+02 8.598184993528788311e+01
9.740000000000000000e+02 8.600438316831746022e+01
9.750000000000000000e+02 8.602687367925325646e+01
9.760000000000000000e+02 8.604932172282919112e+01
9.770000000000000000e+02 8.607172755302239864e+01
9.780000000000000000e+02 8.609409142305378282e+01
9.790000000000000000e+02 8.611641358538754787e+01
9.800000000000000000e+02 8.613869429173084313e+01
9.810000000000000000e+02 8.616093379303434574e+01
9.820000000000000000e+02 8.618313233949170638e+01
9.830000000000000000e+02 8.620529018053976245e+01
9.840000000000000000e+02 8.622740756485856650e+01
9.850000000000000000e+02 8.624948474037141466e+01
9.860000000000000000e+02 8.627152195424490344e+01
9.870000000000000000e+02 8.629351945288934189e+01
9.880000000000000000e+02 8.631547748195825420e+01
9.890000000000000000e+02 8.633739628634926078e+01
9.900000000000000000e+02 8.635927611020393613e+01
9.910000000000000000e+02 8.638111719690806467e+01
9.920000000000000000e+02 8.640291978909192494e+01
9.930000000000000000e+02 8.642468412863036065e+01
9.940000000000000000e+02 8.644641045664370438e+01
9.950000000000000000e+02 8.646809901349736549e+01
9.960000000000000000e+02 8.648975003880271117e+01
9.970000000000000000e+02 8.651136377141700962e+01
9.980000000000000000e+02 8.653294044944436791e+01
9.990000000000000000e+02 8.655448031023563260e+01
1.000000000000000000e+03 8.657598359038910019e+01
1.001000000000000000e+03 8.659744824093303350e+01
1.002000000000000000e+03 8.661886595020739321e+01
1.003000000000000000e+03 8.664023682221359479e+01
1.004000000000000000e+03 8.666156096076444726e+01
1.005000000000000000e+03 8.668283846948284577e+01
1.006000000000000000e+03 8.670406945180151581e+01
1.007000000000000000e+03 8.672525401096218900e+01
1.008000000000000000e+03 8.674639225001502041e+01
1.009000000000000000e+03 8.676748427181796330e+01
1.010000000000000000e+03 8.678853017903682598e+01
1.011000000000000000e+03 8.680953007414336753e+01
1.012000000000000000e+03 8.683048405941637782e+01
1.013000000000000000e+03 8.685139223693990118e+01
1.014000000000000000e+03 8.687225470860337850e+01
1.015000000000000000e+03 8.689307157562781470e+01
1.016000000000000000e+03 8.691384293724911458e+01
1.017000000000000000e+03 8.693456889206943572e+01
1.018000000000000000e+03 8.695524953847515803e+01
1.019000000000000000e+03 8.697588497463699753e+01
1.020000000000000000e+03 8.699647529850955152e+01
1.021000000000000000e+03 8.701702060783198078e+01
1.022000000000000000e+03 8.703752100012707160e+01
1.023000000000000000e+03 8.705797657270210266e+01
1.024000000000000000e+03 8.707838742264813447e+01
1.025000000000000000e+03 8.709875364684042154e+01
1.026000000000000000e+03 8.711907534193828440e+01
1.027000000000000000e+03 8.713935260438503860e+01
1.028000000000000000e+03 8.715958553040822210e+01
1.029000000000000000e+03 8.717977421601955257e+01
1.030000000000000000e+03 8.719991875701472850e+01
1.031000000000000000e+03 8.722001924897379865e+01
1.032000000000000000e+03 8.724007578726110523e+01
1.033000000000000000e+03 8.726008846702528388e+01
1.034000000000000000e+03 8.728005738319943418e+01
1.035000000000000000e+03 8.729998263050113394e+01
1.036000000000000000e+03 8.731986430343242489e+01
1.037000000000000000e+03 8.733970249628015381e+01
1.038000000000000000e+03 8.735949730311590145e+01
1.039000000000000000e+03 8.737924881779606778e+01
1.040000000000000000e+03 8.739895713396214205e+01
1.041000000000000000e+03 8.741862234504046114e+01
1.042000000000000000e+03 8.743824454424297699e+01
1.043000000000000000e+03 8.745782382456668813e+01
1.044000000000000000e+03 8.747736027879416554e+01
1.045000000000000000e+03 8.749685399949373732e+01
1.046000000000000000e+03 8.751630507901934664e+01
1.047000000000000000e+03 8.753571360951102065e+01
1.048000000000000000e+03 8.755507968289484211e+01
1.049000000000000000e+03 8.757440339088324777e+01
1.050000000000000000e+03 8.759368482497494313e+01
1.051000000000000000e+03 8.761292407645558455e+01
1.052000000000000000e+03 8.763212123639721085e+01
1.053000000000000000e+03 8.765127639565929485e+01
1.054000000000000000e+03 8.767038964488827446e+01
1.055000000000000000e+03 8.768946107451809269e+01
1.056000000000000000e+03 8.770849077477025446e+01
1.057000000000000000e+03 8.772747883565411087e+01
1.058000000000000000e+03 8.774642534696695861e+01
1.059000000000000000e+03 8.776533039829466532e+01
1.060000000000000000e+03 8.778419407901111526e+01
1.061000000000000000e+03 8.780301648048902052e+01
1.062000000000000000e+03 8.782179770272242081e+01
1.063000000000000000e+03 8.784053784768701689e+01
1.064000000000000000e+03 8.785923701712870582e+01
1.065000000000000000e+03 8.787789531256362352e+01
1.066000000000000000e+03 8.789651283527756220e+01
1.067000000000000000e+03 8.791508968632690824e+01
1.068000000000000000e+03 8.793362596653736318e+01
1.069000000000000000e+03 8.795212177650472540e+01
1.070000000000000000e+03 8.797057721659439267e+01
1.071000000000000000e+03 8.798899238694158953e+01
1.072000000000000000e+03 8.800736738745129628e+01
1.073000000000000000e+03 8.802570231779785104e+01
1.074000000000000000e+03 8.804399727742544712e+01
1.075000000000000000e+03 8.806225236554783464e+01
1.076000000000000000e+03 8.808046768114834890e+01
1.077000000000000000e+03 8.809864332297995304e+01
1.078000000000000000e+03 8.811677938956515277e+01
1.079000000000000000e+03 8.813487597919629479e+01
1.080000000000000000e+03 8.815293318993508365e+01
1.081000000000000000e+03 8.817095111961317855e+01
1.082000000000000000e+03 8.818892986583186655e+01
1.083000000000000000e+03 8.820686952596226149e+01
1.084000000000000000e+03 8.822477019832159328e+01
1.085000000000000000e+03 8.824263198530584873e+01
1.086000000000000000e+03 8.826045499008486672e+01
1.087000000000000000e+03 8.827823931562194559e+01
1.088000000000000000e+03 8.829598506467235097e+01
1.089000000000000000e+03 8.831369233978365685e+01
1.090000000000000000e+03 8.833136124329479344e+01
1.091000000000000000e+03 8.834899187733594772e+01
1.092000000000000000e+03 8.836658434382762550e+01
1.093000000000000000e+03 8.838413874448094987e+01
1.094000000000000000e+03 8.840165518079659535e+01
1.095000000000000000e+03 8.841913375406468845e+01
1.096000000000000000e+03 8.843657456536435291e+01
1.097000000000000000e+03 8.845397771556341127e+01
1.098000000000000000e+03 8.847134330531798696e+01
1.099000000000000000e+03 8.848867143507199273e+01
1.100000000000000000e+03 8.850596220505700273e+01
1.101000000000000000e+03 8.852321571529191147e+01
1.102000000000000000e+03 8.854043206558242218e+01
1.103000000000000000e+03 8.855761135552094743e+01
1.104000000000000000e+03 8.857475368448608322e+01
1.105000000000000000e+03 8.859185915164266589e+01
1.106000000000000000e+03 8.860892785594127474e+01
1.107000000000000000e+03 8.862595989611772040e+01
1.108000000000000000e+03 8.864295537069331488e+01
1.109000000000000000e+03 8.865991437797435992e+01
1.110000000000000000e+03 8.867683701605170654e+01
1.111000000000000000e+03 8.869372338280103918e+01
1.112000000000000000e+03 8.871057357588200887e+01
1.113000000000000000e+03 8.872738769273875903e+01
1.114000000000000000e+03 8.874416583059903019e+01
1.115000000000000000e+03 8.876090808647444419e+01
1.116000000000000000e+03 8.877761455716026262e+01
1.117000000000000000e+03 8.879428533923491784e+01
1.118000000000000000e+03 8.881092052906016932e+01
1.119000000000000000e+03 8.882752022278086201e+01
1.120000000000000000e+03 8.884408451632482695e+01
1.121000000000000000e+03 8.886061350540258275e+01
1.122000000000000000e+03 8.887710728550734984e+01
1.123000000000000000e+03 8.889356595191506472e+01
1.124000000000000000e+03 8.890998959968383986e+01
1.125000000000000000e+03 8.892637832365446116e+01
1.126000000000000000e+03 8.894273221844967736e+01
1.127000000000000000e+03 8.895905137847469746e+01
1.128000000000000000e+03 8.897533589791652275e+01
1.129000000000000000e+03 8.899158587070400017e+01
1.130000000000000000e+03 8.900780138821565401e+01
1.131000000000000000e+03 8.902398253805554873e+01
1.132000000000000000e+03 8.904012940729842285e+01
1.133000000000000000e+03 8.905624208278860010e+01
1.134000000000000000e+03 8.907232065114003206e+01
1.135000000000000000e+03 8.908836519873671023e+01
1.136000000000000000e+03 8.910437581173292187e+01
1.137000000000000000e+03 8.912035257605407423e+01
1.138000000000000000e+03 8.913629557739676557e+01
1.139000000000000000e+03 8.915220490122904096e+01
1.140000000000000000e+03 8.916808063279124497e+01
1.141000000000000000e+03 8.918392285709612111e+01
1.142000000000000000e+03 8.919973165892916711e+01
1.143000000000000000e+03 8.921550712284923179e+01
1.144000000000000000e+03 8.923124933318899821e+01
1.145000000000000000e+03 8.924695837405478471e+01
1.146000000000000000e+03 8.926263432932807973e+01
1.147000000000000000e+03 8.927827728266480278e+01
1.148000000000000000e+03 8.929388731749641295e+01
1.149000000000000000e+03 8.930946451703020728e+01
1.150000000000000000e+03 8.932500896424954817e+01
1.151000000000000000e+03 8.934052074191454551e+01
1.152000000000000000e+03 8.935599993256229823e+01
1.153000000000000000e+03 8.937144661850744853e+01
1.154000000000000000e+03 8.938686088184239509e+01
1.155000000000000000e+03 8.940224280443831617e+01
1.156000000000000000e+03 8.941759246794470073e+01
1.157000000000000000e+03 8.943290995379052788e+01
1.158000000000000000e+03 8.944819534318435217e+01
1.159000000000000000e+03 8.946344871711501412e+01
1.160000000000000000e+03 8.947867015635159760e+01
1.161000000000000000e+03 8.949385974144449563e+01
1.162000000000000000e+03 8.950901755272533933e+01
1.163000000000000000e+03 8.952414367030779374e+01
1.164000000000000000e+03 8.953923817408775676e+01
1.165000000000000000e+03 8.955430114374401285e+01
1.166000000000000000e+03 8.956933265873844618e+01
1.167000000000000000e+03 8.958433279831685070e+01
1.168000000000000000e+03 8.959930164150894427e+01
1.169000000000000000e+03 8.961423926712930665e+01
1.170000000000000000e+03 8.962914575377723736e+01
1.171000000000000000e+03 8.964402117983787832e+01
1.172000000000000000e+03 8.965886562348211442e+01
1.173000000000000000e+03 8.967367916266765349e+01
1.174000000000000000e+03 8.968846187513845791e+01
1.175000000000000000e+03 8.970321383842644991e+01
1.176000000000000000e+03 8.971793512985111363e+01
1.177000000000000000e+03 8.973262582652026254e+01
1.178000000000000000e+03 8.974728600533042311e+01
1.179000000000000000e+03 8.976191574296741749e+01
1.180000000000000000e+03 8.977651511590670452e+01
1.181000000000000000e+03 8.979108420041403349e+01
1.182000000000000000e+03 8.980562307254558618e+01
1.183000000000000000e+03 8.982013180814867326e+01
1.184000000000000000e+03 8.983461048286227424e+01
1.185000000000000000e+03 8.984905917211733595e+01
1.186000000000000000e+03 8.986347795113742620e+01
1.187000000000000000e+03 8.987786689493889014e+01
1.188000000000000000e+03 8.989222607833158918e+01
1.189000000000000000e+03 8.990655557591962577e+01
1.190000000000000000e+03 8.992085546210091707e+01
1.191000000000000000e+03 8.993512581106888604e+01
1.192000000000000000e+03 8.994936669681177932e+01
1.193000000000000000e+03 8.996357819311398885e+01
1.194000000000000000e+03 8.997776037355620815e+01
1.195000000000000000e+03 8.999191331151573081e+01
1.196000000000000000e+03 9.000603708016724624e+01
1.197000000000000000e+03 9.002013175248325183e+01
1.198000000000000000e+03 9.003419740123413817e+01
1.199000000000000000e+03 9.004823409898958175e+01
1.200000000000000000e+03 9.006224191811773494e+01
1.201000000000000000e+03 9.007622093078697390e+01
1.202000000000000000e+03 9.009017120896551489e+01
1.203000000000000000e+03 9.010409282442221013e+01
1.204000000000000000e+03 9.011798584872708773e+01
1.205000000000000000e+03 9.013185035325184913e+01
1.206000000000000000e+03 9.014568640917005382e+01
1.207000000000000000e+03 9.015949408745778726e+01
1.208000000000000000e+03 9.017327345889438561e+01
1.209000000000000000e+03 9.018702459406250682e+01
1.210000000000000000e+03 9.020074756334888377e+01
1.211000000000000000e+03 9.021444243694458009e+01
1.212000000000000000e+03 9.022810928484582860e+01
1.213000000000000000e+03 9.024174817685405969e+01
1.214000000000000000e+03 9.025535918257675405e+01
1.215000000000000000e+03 9.026894237142775523e+01
1.216000000000000000e+03 9.028249781262775286e+01
1.217000000000000000e+03 9.029602557520487949e+01
1.218000000000000000e+03 9.030952572799498057e+01
1.219000000000000000e+03 9.032299833964231084e+01
1.220000000000000000e+03 9.033644347860003165e+01
1.221000000000000000e+03 9.034986121313033891e+01
1.222000000000000000e+03 9.036325161130535832e+01
1.223000000000000000e+03 9.037661474100745806e+01
1.224000000000000000e+03 9.038995066992970351e+01
1.225000000000000000e+03 9.040325946557638304e+01
1.226000000000000000e+03 9.041654119526349120e+01
1.227000000000000000e+03 9.042979592611925455e+01
1.228000000000000000e+03 9.044302372508443000e+01
1.229000000000000000e+03 9.045622465891297281e+01
1.230000000000000000e+03 9.046939879417249131e+01
1.231000000000000000e+03 9.048254619724468739e+01
1.232000000000000000e+03 9.049566693432578290e+01
1.233000000000000000e+03 9.050876107142711646e+01
1.234000000000000000e+03 9.052182867437539926e+01
1.235000000000000000e+03 9.053486980881385193e+01
1.236000000000000000e+03 9.054788454020147981e+01
1.237000000000000000e+03 9.056087293381480663e+01
1.238000000000000000e+03 9.057383505474760454e+01
1.239000000000000000e+03 9.058677096791171834e+01
1.240000000000000000e+03 9.059968073803712230e+01
1.241000000000000000e+03 9.061256442967295754e+01
1.242000000000000000e+03 9.062542210718753211e+01
1.243000000000000000e+03 9.063825383476921616e+01
1.244000000000000000e+03 9.065105967642652729e+01
1.245000000000000000e+03 9.066383969598882686e+01
1.246000000000000000e+03 9.067659395710664683e+01
1.247000000000000000e+03 9.068932252325244292e+01
1.248000000000000000e+03 9.070202545772082203e+01
1.249000000000000000e+03 9.071470282362902537e+01
1.250000000000000000e+03 9.072735468391749691e+01
1.251000000000000000e+03 9.073998110135038075e+01
1.252000000000000000e+03 9.075258213851576272e+01
1.253000000000000000e+03 9.076515785782655144e+01
1.254000000000000000e+03 9.077770832152054936e+01
1.255000000000000000e+03 9.079023359166114915e+01
1.256000000000000000e+03 9.080273373013757521e+01
1.257000000000000000e+03 9.081520879866587848e+01
1.258000000000000000e+03 9.082765885878868062e+01
1.259000000000000000e+03 9.084008397187618300e+01
1.260000000000000000e+03 9.085248419912650775e+01
1.261000000000000000e+03 9.086485960156602459e+01
1.262000000000000000e+03 9.087721024004994774e+01
1.263000000000000000e+03 9.088953617526266271e+01
1.264000000000000000e+03 9.090183746771849371e+01
1.265000000000000000e+03 9.091411417776188841e+01
1.266000000000000000e+03 9.092636636556785845e+01
1.267000000000000000e+03 9.093859409114276104e+01
1.268000000000000000e+03 9.095079741432444109e+01
1.269000000000000000e+03 9.096297639478268593e+01
1.270000000000000000e+03 9.097513109201989323e+01
1.271000000000000000e+03 9.098726156537171050e+01
1.272000000000000000e+03 9.099936787400679350e+01
1.273000000000000000e+03 9.101145007692799993e+01
1.274000000000000000e+03 9.102350823297240368e+01
1.275000000000000000e+03 9.103554240081209059e+01
1.276000000000000000e+03 9.104755263895415851e+01
1.277000000000000000e+03 9.105953900574175464e+01
1.278000000000000000e+03 9.107150155935389080e+01
1.279000000000000000e+03 9.108344035780653769e+01
1.280000000000000000e+03 9.109535545895253961e+01
1.281000000000000000e+03 9.110724692048249551e+01
1.282000000000000000e+03 9.111911479992488694e+01
1.283000000000000000e+03 9.113095915464673169e+01
1.284000000000000000e+03 9.114278004185386806e+01
1.285000000000000000e+03 9.115457751859167956e+01
1.286000000000000000e+03 9.116635164174519446e+01
1.287000000000000000e+03 9.117810246803996677e+01
1.288000000000000000e+03 9.118983005404183473e+01
1.289000000000000000e+03 9.120153445615829924e+01
1.290000000000000000e+03 9.121321573063816857e+01
1.291000000000000000e+03 9.122487393357236840e+01
1.292000000000000000e+03 9.123650912089442500e+01
1.293000000000000000e+03 9.124812134838079203e+01
1.294000000000000000e+03 9.125971067165123429e+01
1.295000000000000000e+03 9.127127714616953824e+01
1.296000000000000000e+03 9.128282082724341251e+01
1.297000000000000000e+03 9.129434177002576689e+01
1.298000000000000000e+03 9.130584002951439970e+01
1.299000000000000000e+03 9.131731566055275096e+01
1.300000000000000000e+03 9.132876871783030026e+01
1.301000000000000000e+03 9.134019925588313527e+01
1.302000000000000000e+03 9.135160732909405112e+01
1.303000000000000000e+03 9.136299299169348842e+01
1.304000000000000000e+03 9.137435629775939105e+01
1.305000000000000000e+03 9.138569730121812995e+01
1.306000000000000000e+03 9.139701605584458832e+01
1.307000000000000000e+03 9.140831261526297169e+01
1.308000000000000000e+03 9.141958703294679367e+01
1.309000000000000000e+03 9.143083936221970021e+01
1.310000000000000000e+03 9.144206965625562589e+01
1.311000000000000000e+03 9.145327796807937659e+01
1.312000000000000000e+03 9.146446435056681423e+01
1.313000000000000000e+03 9.147562885644595099e+01
1.314000000000000000e+03 9.148677153829636666e+01
1.315000000000000000e+03 9.149789244855058712e+01
1.316000000000000000e+03 9.150899163949381432e+01
1.317000000000000000e+03 9.152006916326482155e+01
1.318000000000000000e+03 9.153112507185603874e+01
1.319000000000000000e+03 9.154215941711437665e+01
1.320000000000000000e+03 9.155317225074101373e+01
1.321000000000000000e+03 9.156416362429249034e+01
1.322000000000000000e+03 9.157513358918080826e+01
1.323000000000000000e+03 9.158608219667378592e+01
1.324000000000000000e+03 9.159700949789566948e+01
1.325000000000000000e+03 9.160791554382731761e+01
1.326000000000000000e+03 9.161880038530679826e+01
1.327000000000000000e+03 9.162966407302990035e+01
1.328000000000000000e+03 9.164050665755016212e+01
1.329000000000000000e+03 9.165132818927985170e+01
1.330000000000000000e+03 9.166212871848956922e+01
1.331000000000000000e+03 9.167290829530963947e+01
1.332000000000000000e+03 9.168366696972979923e+01
1.333000000000000000e+03 9.169440479159973734e+01
1.334000000000000000e+03 9.170512181062986201e+01
1.335000000000000000e+03 9.171581807639115880e+01
1.336000000000000000e+03 9.172649363831602898e+01
1.337000000000000000e+03 9.173714854569865906e+01
1.338000000000000000e+03 9.174778284769512027e+01
1.339000000000000000e+03 9.175839659332409326e+01
1.340000000000000000e+03 9.176898983146702449e+01
1.341000000000000000e+03 9.177956261086879408e+01
1.342000000000000000e+03 9.179011498013788639e+01
1.343000000000000000e+03 9.180064698774692999e+01
1.344000000000000000e+03 9.181115868203293928e+01
1.345000000000000000e+03 9.182165011119803921e+01
1.346000000000000000e+03 9.183212132330933741e+01
1.347000000000000000e+03 9.184257236629981946e+01
1.348000000000000000e+03 9.185300328796857627e+01
1.349000000000000000e+03 9.186341413598105987e+01
1.350000000000000000e+03 9.187380495786970869e+01
1.351000000000000000e+03 9.188417580103401860e+01
1.352000000000000000e+03 9.189452671274133877e+01
1.353000000000000000e+03 9.190485774012701370e+01
1.354000000000000000e+03 9.191516893019466750e+01
1.355000000000000000e+03 9.192546032981697124e+01
1.356000000000000000e+03 9.193573198573560035e+01
1.357000000000000000e+03 9.194598394456203039e+01
1.358000000000000000e+03 9.195621625277738076e+01
1.359000000000000000e+03 9.196642895673356577e+01
1.360000000000000000e+03 9.197662210265278304e+01
1.361000000000000000e+03 9.198679573662889197e+01
1.362000000000000000e+03 9.199694990462671740e+01
1.363000000000000000e+03 9.200708465346939136e+01
1.364000000000000000e+03 9.201720003713569440e+01
1.365000000000000000e+03 9.202729611272968668e+01
1.366000000000000000e+03 9.203737293722782908e+01
1.367000000000000000e+03 9.204743056746387708e+01
1.368000000000000000e+03 9.205746906012851127e+01
1.369000000000000000e+03 9.206748847177043160e+01
1.370000000000000000e+03 9.207748885879561840e+01
1.371000000000000000e+03 9.208747027746838398e+01
1.372000000000000000e+03 9.209743278391086108e+01
1.373000000000000000e+03 9.210737643410342912e+01
1.374000000000000000e+03 9.211730128388515482e+01
1.375000000000000000e+03 9.212720738895377792e+01
1.376000000000000000e+03 9.213709480486578229e+01
1.377000000000000000e+03 9.214696358703695012e+01
1.378000000000000000e+03 9.215681379074203505e+01
1.379000000000000000e+03 9.216664547111570016e+01
1.380000000000000000e+03 9.217645868315202051e+01
1.381000000000000000e+03 9.218625348170506584e+01
1.382000000000000000e+03 9.219602992148904264e+01
1.383000000000000000e+03 9.220578805707842207e+01
1.384000000000000000e+03 9.221552794290818156e+01
1.385000000000000000e+03 9.222524963327414582e+01
1.386000000000000000e+03 9.223495318233302953e+01
1.387000000000000000e+03 9.224463864410277836e+01
1.388000000000000000e+03 9.225430607246245529e+01
1.389000000000000000e+03 9.226395552115316434e+01
1.390000000000000000e+03 9.227358704377748211e+01
1.391000000000000000e+03 9.228320069380004043e+01
1.392000000000000000e+03 9.229279652454785321e+01
1.393000000000000000e+03 9.230237458921028804e+01
1.394000000000000000e+03 9.231193494083946405e+01
1.395000000000000000e+03 9.232147763235037985e+01
1.396000000000000000e+03 9.233100271420552474e+01
1.397000000000000000e+03 9.234051022564611344e+01
1.398000000000000000e+03 9.235000020248280350e+01
1.399000000000000000e+03 9.235947268041641678e+01
1.400000000000000000e+03 9.236892769503897682e+01
1.401000000000000000e+03 9.237836528183396467e+01
1.402000000000000000e+03 9.238778547617700099e+01
1.403000000000000000e+03 9.239718831333611604e+01
1.404000000000000000e+03 9.240657382847217605e+01
1.405000000000000000e+03 9.241594205663960793e+01
1.406000000000000000e+03 9.242529303278642772e+01
1.407000000000000000e+03 9.243462679175507901e+01
1.408000000000000000e+03 9.244394336828246139e+01
1.409000000000000000e+03 9.245324279700078307e+01
1.410000000000000000e+03 9.246252511243746142e+01
1.411000000000000000e+03 9.247179034901616035e+01
1.412000000000000000e+03 9.248103854105681876e+01
1.413000000000000000e+03 9.249026972277620473e+01
1.414000000000000000e+03 9.249948392828808608e+01
1.415000000000000000e+03 9.250868119160416825e+01
1.416000000000000000e+03 9.251786154663409434e+01
1.417000000000000000e+03 9.252702502718585720e+01
1.418000000000000000e+03 9.253617166696645313e+01
1.419000000000000000e+03 9.254530149958213769e+01
1.420000000000000000e+03 9.255441455853886623e+01
1.421000000000000000e+03 9.256351087724267757e+01
1.422000000000000000e+03 9.257259048900003506e+01
1.423000000000000000e+03 9.258165342701856559e+01
1.424000000000000000e+03 9.259069972440688900e+01
1.425000000000000000e+03 9.259972941417552761e+01
1.426000000000000000e+03 9.260874252923701988e+01
1.427000000000000000e+03 9.261773910240636098e+01
1.428000000000000000e+03 9.262671916640165648e+01
1.429000000000000000e+03 9.263568275384398021e+01
1.430000000000000000e+03 9.264462989725824116e+01
1.431000000000000000e+03 9.265356062907345347e+01
1.432000000000000000e+03 9.266247498162294960e+01
1.433000000000000000e+03 9.267137298714493454e+01
1.434000000000000000e+03 9.268025467778267057e+01
1.435000000000000000e+03 9.268912008558530147e+01
1.436000000000000000e+03 9.269796924250773884e+01
1.437000000000000000e+03 9.270680218041111686e+01
1.438000000000000000e+03 9.271561893106348862e+01
1.439000000000000000e+03 9.272441952613978344e+01
1.440000000000000000e+03 9.273320399722261698e+01
1.441000000000000000e+03 9.274197237580210640e+01
1.442000000000000000e+03 9.275072469327682256e+01
1.443000000000000000e+03 9.275946098095376158e+01
1.444000000000000000e+03 9.276818127004879955e+01
1.445000000000000000e+03 9.277688559168709048e+01
1.446000000000000000e+03 9.278557397690340736e+01
1.447000000000000000e+03 9.279424645664262528e+01
1.448000000000000000e+03 9.280290306175965043e+01
1.449000000000000000e+03 9.281154382302048589e+01
1.450000000000000000e+03 9.282016877110181952e+01
1.451000000000000000e+03 9.282877793659190502e+01
1.452000000000000000e+03 9.283737134999067564e+01
1.453000000000000000e+03 9.284594904171034102e+01
1.454000000000000000e+03 9.285451104207508877e+01
1.455000000000000000e+03 9.286305738132227816e+01
1.456000000000000000e+03 9.287158808960226963e+01
1.457000000000000000e+03 9.288010319697897899e+01
1.458000000000000000e+03 9.288860273342982055e+01
1.459000000000000000e+03 9.289708672884661667e+01
1.460000000000000000e+03 9.290555521303551245e+01
1.461000000000000000e+03 9.291400821571748736e+01
1.462000000000000000e+03 9.292244576652865362e+01
1.463000000000000000e+03 9.293086789502051204e+01
1.464000000000000000e+03 9.293927463066056305e+01
1.465000000000000000e+03 9.294766600283212199e+01
1.466000000000000000e+03 9.295604204083510069e+01
1.467000000000000000e+03 9.296440277388622064e+01
1.468000000000000000e+03 9.297274823111916930e+01
1.469000000000000000e+03 9.298107844158505486e+01
1.470000000000000000e+03 9.298939343444058636e+01
1.471000000000000000e+03 9.299769324307904128e+01
1.472000000000000000e+03 9.300597790511980634e+01
1.473000000000000000e+03 9.301424745827102925e+01
1.474000000000000000e+03 9.302250194014216333e+01
1.475000000000000000e+03 9.303074138824385386e+01
1.476000000000000000e+03 9.303896583998846381e+01
1.477000000000000000e+03 9.304717533269025864e+01
1.478000000000000000e+03 9.305536990356554838e+01
1.479000000000000000e+03 9.306354958973288660e+01
1.480000000000000000e+03 9.307171442821358198e+01
1.481000000000000000e+03 9.307986445593175517e+01
1.482000000000000000e+03 9.308799970971442406e+01
1.483000000000000000e+03 9.309612022629207218e+01
1.484000000000000000e+03 9.310422604229864874e+01
1.485000000000000000e+03 9.311231719427200915e+01
1.486000000000000000e+03 9.312039371865385817e+01
1.487000000000000000e+03 9.312845565179038942e+01
1.488000000000000000e+03 9.313650302993201535e+01
1.489000000000000000e+03 9.314453588923421989e+01
1.490000000000000000e+03 9.315255426575728848e+01
1.491000000000000000e+03 9.316055819546662065e+01
1.492000000000000000e+03 9.316854771423334114e+01
1.493000000000000000e+03 9.317652285783417199e+01
1.494000000000000000e+03 9.318448366195158883e+01
1.495000000000000000e+03 9.319243016217453146e+01
1.496000000000000000e+03 9.320036239399817646e+01
1.497000000000000000e+03 9.320828039282429245e+01
1.498000000000000000e+03 9.321618419396169486e+01
1.499000000000000000e+03 9.322407383262623171e+01
1.500000000000000000e+03 9.323194934394108202e+01
